
2	1	1	1	2.298594e-02	593	855	0
2	1	1	1	3.579092e-02	593	855	0
2	1	1	1	5.174685e-02	593	855	0
2	1	1	1	6.832504e-02	593	855	0
2	1	1	1	9.278798e-02	593	855	0
2	1	1	1	1.008151e-01	593	855	0
2	1	1	1	1.175029e-01	593	855	0
2	1	1	1	1.340120e-01	593	855	0
2	1	1	1	1.507211e-01	593	855	0
2	1	1	1	1.674349e-01	593	855	0
2	1	1	1	1.841629e-01	593	855	0
2	1	1	1	2.007020e-01	593	855	0
2	1	1	1	2.174189e-01	593	855	0
2	1	1	1	2.338240e-01	593	855	0
2	1	1	1	2.508380e-01	593	855	0
2	1	1	1	2.675290e-01	593	855	0
2	1	1	1	2.840390e-01	593	855	0
2	1	1	1	3.007860e-01	593	855	0
2	1	1	1	3.174229e-01	593	855	0
2	1	1	1	3.340399e-01	594	855	0
2	1	1	1	3.508270e-01	595	850	0
2	1	1	1	3.674140e-01	596	844	0
2	1	1	1	3.841670e-01	597	835	0
2	1	1	1	4.008789e-01	599	827	0
2	1	1	1	4.174519e-01	601	820	0
2	1	1	1	4.340029e-01	602	815	0
2	1	1	1	4.507360e-01	603	809	0
2	1	1	1	4.675810e-01	604	805	0
2	1	1	1	4.841430e-01	607	795	0
2	1	1	1	5.007820e-01	608	790	0
2	1	1	1	5.174630e-01	610	784	0
2	1	1	1	5.339088e-01	611	782	0
2	1	1	1	5.509770e-01	612	779	0
2	1	1	1	5.675759e-01	614	777	0
2	1	1	1	5.842059e-01	617	774	0
2	1	1	1	6.008120e-01	619	772	0
2	1	1	1	6.177440e-01	621	770	0
2	1	1	1	6.338689e-01	624	766	0
2	1	1	1	6.507919e-01	628	763	0
2	1	1	1	6.676610e-01	635	759	0
2	1	1	1	6.841919e-01	643	754	0
2	1	1	1	7.099259e-01	651	748	0
2	1	1	1	7.179101e-01	662	742	0
2	1	1	1	7.344990e-01	666	739	0
2	1	1	1	7.510340e-01	671	735	0
2	1	1	1	7.776160e-01	672	733	0
2	1	1	1	7.841740e-01	675	730	0
2	1	1	1	8.009899e-01	676	728	0
2	1	1	1	8.175299e-01	678	726	0
2	1	1	1	8.342240e-01	679	724	0
2	1	1	1	8.509810e-01	681	722	0
2	1	1	1	8.676529e-01	682	718	0
2	1	1	1	8.842258e-01	683	717	0
2	1	1	1	9.009380e-01	684	715	0
2	1	1	1	9.176760e-01	684	714	0
2	1	1	1	9.340749e-01	686	709	0
2	1	1	1	9.509640e-01	688	706	0
2	1	1	1	9.676259e-01	690	701	0
2	1	1	1	9.843619e-01	692	698	0
2	1	1	1	1.000887e+00	694	695	0
2	1	1	1	1.017611e+00	696	692	0
2	1	1	1	1.034202e+00	698	690	0
2	1	1	1	1.051109e+00	702	685	0
2	1	1	1	1.067715e+00	704	682	0
2	1	1	1	1.084378e+00	706	680	0
2	1	1	1	1.100997e+00	708	678	0
2	1	1	1	1.117423e+00	709	676	0
2	1	1	1	1.134216e+00	710	672	0
2	1	1	1	1.150656e+00	711	669	0
2	1	1	1	1.167784e+00	715	664	0
2	1	1	1	1.184316e+00	717	661	0
2	1	1	1	1.201146e+00	718	658	0
2	1	1	1	1.217710e+00	720	652	0
2	1	1	1	1.234161e+00	721	646	0
2	1	1	1	1.251056e+00	724	636	0
2	1	1	1	1.267836e+00	726	628	0
2	1	1	1	1.284388e+00	726	623	0
2	1	1	1	1.301159e+00	726	616	0
2	1	1	1	1.317645e+00	726	610	0
2	1	1	1	1.334351e+00	726	605	0
2	1	1	1	1.354577e+00	726	599	0
2	1	1	1	1.367536e+00	726	595	0
2	1	1	1	1.384204e+00	726	593	0
2	1	1	1	1.400858e+00	726	589	0
2	1	1	1	1.420948e+00	726	581	0
2	1	1	1	1.434222e+00	726	576	0
2	1	1	1	1.450853e+00	726	570	0
2	1	1	1	1.467573e+00	726	562	0
2	1	1	1	1.484330e+00	726	556	0
2	1	1	1	1.500806e+00	726	549	0
2	1	1	1	1.517548e+00	726	542	0
2	1	1	1	1.535423e+00	726	534	0
2	1	1	1	1.550998e+00	726	528	0
2	1	1	1	1.579415e+00	726	515	0
2	1	1	1	1.588430e+00	726	511	0
2	1	1	1	1.600831e+00	726	505	0
2	1	1	1	1.617781e+00	726	502	0
2	1	1	1	1.646703e+00	726	497	0
2	1	1	1	1.652682e+00	726	495	0
2	1	1	1	1.669716e+00	726	492	0
2	1	1	1	1.684562e+00	726	491	0
2	1	1	1	1.701212e+00	726	491	0
2	1	1	1	1.717822e+00	726	491	0
2	1	1	1	1.734595e+00	726	491	0
2	1	1	1	1.751676e+00	726	491	0
2	1	1	1	1.767830e+00	726	491	0
2	1	1	1	1.784617e+00	726	491	0
2	1	1	1	1.801263e+00	726	488	0
2	1	1	1	1.817818e+00	726	485	0
2	1	1	1	1.834666e+00	726	483	0
2	1	1	1	1.851262e+00	726	481	0
2	1	1	1	1.867975e+00	726	477	0
2	1	1	1	1.884645e+00	726	475	0
2	1	1	1	1.901400e+00	726	472	0
2	1	1	1	1.917791e+00	726	468	0
2	1	1	1	1.934701e+00	726	467	0
2	1	1	1	1.951269e+00	726	466	0
2	1	1	1	1.967896e+00	726	465	0
2	1	1	1	1.984646e+00	726	465	0
2	1	1	1	2.001306e+00	726	465	0
2	1	1	1	2.017872e+00	726	465	0
2	1	1	1	2.034579e+00	726	465	0
2	1	1	1	2.051338e+00	726	465	0
2	1	1	1	2.068024e+00	726	462	0
2	1	1	1	2.084642e+00	726	461	0
2	1	1	1	2.101528e+00	726	461	0
2	1	1	1	2.118035e+00	726	461	0
2	1	1	1	2.134744e+00	726	461	0
2	1	1	1	2.151333e+00	726	461	0
2	1	1	1	2.168131e+00	726	461	0
2	1	1	1	2.184820e+00	726	461	0
2	1	1	1	2.201354e+00	726	461	0
2	1	1	1	2.217981e+00	726	461	0
2	1	1	1	2.234745e+00	726	461	0
2	1	1	1	2.251194e+00	726	461	0
2	1	1	1	2.268146e+00	726	461	0
2	1	1	1	2.284826e+00	726	461	0
2	1	1	1	2.301422e+00	726	461	0
2	1	1	1	2.318014e+00	726	461	0
2	1	1	1	2.334797e+00	726	461	0
2	1	1	1	2.351489e+00	726	461	0
2	1	1	1	2.368191e+00	726	461	0
2	1	1	1	2.384796e+00	726	461	0
2	1	1	1	2.401406e+00	726	461	0
2	1	1	1	2.417860e+00	726	461	0
2	1	1	1	2.434680e+00	726	461	0
2	1	1	1	2.451471e+00	726	461	0
2	1	1	1	2.468164e+00	726	461	0
2	1	1	1	2.484828e+00	726	461	0
2	1	1	1	2.501536e+00	726	461	0
2	1	1	1	2.518015e+00	726	461	0
2	1	1	1	2.534832e+00	726	461	0
2	1	1	1	2.550949e+00	726	461	0
2	1	1	1	2.567498e+00	726	461	0
2	1	1	1	2.584883e+00	726	461	0
2	1	1	1	2.653936e+00	726	461	0
2	1	1	1	2.673222e+00	726	461	0
2	1	1	1	2.684832e+00	726	461	0
2	1	1	1	2.701488e+00	726	461	0
2	1	1	1	2.718010e+00	726	461	0
2	1	1	1	2.734868e+00	726	461	0
2	1	1	1	2.751699e+00	726	461	0
2	1	1	1	2.768255e+00	726	461	0
2	1	1	1	2.784919e+00	726	461	0
2	1	1	1	2.801566e+00	726	461	0
2	1	1	1	2.818041e+00	726	461	0
2	1	1	1	2.834708e+00	726	461	0
2	1	1	1	2.851558e+00	726	461	0
2	1	1	1	2.868168e+00	726	461	0
2	1	1	1	2.884965e+00	726	461	0
2	1	1	1	2.901595e+00	726	461	0
2	1	1	1	2.918083e+00	726	459	0
2	1	1	1	2.935015e+00	726	447	0
2	1	1	1	2.951679e+00	722	429	0
2	1	1	1	2.968159e+00	721	404	0
2	1	1	1	2.985025e+00	719	389	0
2	1	1	1	3.002083e+00	717	374	0
2	1	1	1	3.018182e+00	715	363	0
2	1	1	1	3.034794e+00	715	351	0
2	1	1	1	3.051664e+00	714	341	0
2	1	1	1	3.068696e+00	713	329	0
2	1	1	1	3.085111e+00	712	318	0
2	1	1	1	3.101560e+00	710	307	0
2	1	1	1	3.131008e+00	708	297	0
2	1	1	1	3.156234e+00	708	287	0
2	1	1	1	3.168370e+00	707	283	0
2	1	1	1	3.185051e+00	707	282	0
2	1	1	1	3.212078e+00	707	280	0
2	1	1	1	3.220159e+00	707	279	0
2	1	1	1	3.235201e+00	707	277	0
2	1	1	1	3.251814e+00	707	275	0
2	1	1	1	3.268398e+00	707	273	0
2	1	1	1	3.285123e+00	706	270	0
2	1	1	1	3.301665e+00	706	266	0
2	1	1	1	3.318260e+00	706	262	0
2	1	1	1	3.335198e+00	707	257	0
2	1	1	1	3.351744e+00	708	253	0
2	1	1	1	3.368498e+00	710	248	0
2	1	1	1	3.385065e+00	711	243	0
2	1	1	1	3.401778e+00	713	238	0
2	1	1	1	3.418127e+00	713	235	0
2	1	1	1	3.434810e+00	713	233	0
2	1	1	1	3.451607e+00	713	232	0
2	1	1	1	3.468435e+00	714	231	0
2	1	1	1	3.485119e+00	714	229	0
2	1	1	1	3.501693e+00	714	227	0
2	1	1	1	3.518410e+00	714	226	0
2	1	1	1	3.535020e+00	714	226	0
2	1	1	1	3.551784e+00	714	226	0
2	1	1	1	3.568396e+00	714	226	0
2	1	1	1	3.585104e+00	714	226	0
2	1	1	1	3.601783e+00	714	226	0
2	1	1	1	3.618187e+00	714	226	0
2	1	1	1	3.635083e+00	714	226	0
2	1	1	1	3.651913e+00	714	226	0
2	1	1	1	3.668675e+00	714	226	0
2	1	1	1	3.685160e+00	714	226	0
2	1	1	1	3.701847e+00	714	226	0
2	1	1	1	3.718236e+00	714	226	0
2	1	1	1	3.735270e+00	714	226	0
2	1	1	1	3.751758e+00	714	226	0
2	1	1	1	3.768505e+00	714	226	0
2	1	1	1	3.785208e+00	714	226	0
2	1	1	1	3.801985e+00	714	226	0
2	1	1	1	3.818530e+00	714	226	0
2	1	1	1	3.835126e+00	714	226	0
2	1	1	1	3.851926e+00	714	226	0
2	1	1	1	3.868596e+00	714	226	0
2	1	1	1	3.885291e+00	714	226	0
2	1	1	1	3.901773e+00	714	226	0
2	1	1	1	3.918607e+00	714	226	0
2	1	1	1	3.935268e+00	714	226	0
2	1	1	1	3.951954e+00	714	226	0
2	1	1	1	3.968691e+00	714	226	0
2	1	1	1	3.985265e+00	714	226	0
2	1	1	1	4.001984e+00	714	226	0
2	1	1	1	4.018530e+00	714	226	0
2	1	1	1	4.035341e+00	714	226	0
2	1	1	1	4.052042e+00	714	226	0
2	1	1	1	4.068632e+00	714	226	0
2	1	1	1	4.085164e+00	714	226	0
2	1	1	1	4.101952e+00	714	226	0
2	1	1	1	4.118862e+00	714	226	0
2	1	1	1	4.135297e+00	714	226	0
2	1	1	1	4.201454e+00	714	226	0
2	1	1	1	4.218772e+00	714	226	0
2	1	1	1	4.235347e+00	714	226	0
2	1	1	1	4.252050e+00	714	226	0
2	1	1	1	4.268820e+00	714	226	0
2	1	1	1	4.285325e+00	714	226	0
2	1	1	1	4.301962e+00	714	226	0
2	1	1	1	4.318530e+00	714	226	0
2	1	1	1	4.335273e+00	714	226	0
2	1	1	1	4.352166e+00	714	226	0
2	1	1	1	4.368791e+00	714	226	0
2	1	1	1	4.385516e+00	714	226	0
2	1	1	1	4.401958e+00	714	226	0
2	1	1	1	4.418791e+00	714	226	0
2	1	1	1	4.435445e+00	714	226	0
2	1	1	1	4.452170e+00	714	226	0
2	1	1	1	4.468797e+00	714	226	0
2	1	1	1	4.485413e+00	714	226	0
2	1	1	1	4.501964e+00	714	226	0
2	1	1	1	4.518681e+00	714	226	0
2	1	1	1	4.535511e+00	714	226	0
2	1	1	1	4.552029e+00	714	226	0
2	1	1	1	4.568945e+00	713	226	0
2	1	1	1	4.585529e+00	711	226	0
2	1	1	1	4.601904e+00	710	226	0
2	1	1	1	4.618712e+00	710	226	0
2	1	1	1	4.635527e+00	708	226	0
2	1	1	1	4.652151e+00	707	226	0
2	1	1	1	4.668854e+00	707	226	0
2	1	1	1	4.685647e+00	707	226	0
2	1	1	1	4.701934e+00	706	226	0
2	1	1	1	4.718758e+00	706	226	0
2	1	1	1	4.735498e+00	706	226	0
2	1	1	1	4.752274e+00	705	226	0
2	1	1	1	4.769037e+00	705	226	0
2	1	1	1	4.785208e+00	704	226	0
2	1	1	1	4.802128e+00	701	226	0
2	1	1	1	4.818598e+00	700	226	0
2	1	1	1	4.835368e+00	694	226	0
2	1	1	1	4.852266e+00	678	226	0
2	1	1	1	4.868812e+00	667	226	0
2	1	1	1	4.885533e+00	660	226	0
2	1	1	1	4.902112e+00	657	226	0
2	1	1	1	4.919012e+00	641	228	0
2	1	1	1	4.935557e+00	601	232	0
2	1	1	1	4.962799e+00	527	242	0
2	1	1	1	4.975856e+00	373	244	0
2	1	1	1	4.985342e+00	327	244	0
2	1	1	1	5.002135e+00	261	244	0
2	1	1	1	5.019051e+00	229	242	0
2	1	1	1	5.039576e+00	224	239	0
2	1	1	1	5.052379e+00	224	239	0
2	1	1	1	5.068974e+00	224	238	0
2	1	1	1	5.085729e+00	224	238	0
2	1	1	1	5.102022e+00	224	238	0
2	1	1	1	5.118930e+00	226	238	0
2	1	1	1	5.135576e+00	233	237	0
2	1	1	1	5.152316e+00	245	235	0
2	1	1	1	5.168955e+00	264	234	0
2	1	1	1	5.185797e+00	288	234	0
2	1	1	1	5.202201e+00	327	234	0
2	1	1	1	5.218947e+00	369	234	0
2	1	1	1	5.235727e+00	405	234	0
2	1	1	1	5.259953e+00	457	234	0
2	1	1	1	5.268871e+00	505	234	0
2	1	1	1	5.285635e+00	546	234	0
2	1	1	1	5.302082e+00	585	240	0
2	1	1	1	5.318989e+00	588	241	0
2	1	1	1	5.335688e+00	588	241	0
2	1	1	1	5.352251e+00	588	241	0
2	1	1	1	5.369035e+00	588	241	0
2	1	1	1	5.385750e+00	588	241	0
2	1	1	1	5.402175e+00	588	241	0
2	1	1	1	5.419097e+00	588	241	0
2	1	1	1	5.435719e+00	588	241	0
2	1	1	1	5.452174e+00	588	241	0
2	1	1	1	5.468901e+00	588	241	0
2	1	1	1	5.485543e+00	588	241	0
2	1	1	1	5.502237e+00	586	238	0
2	1	1	1	5.518790e+00	581	234	0
2	1	1	1	5.535593e+00	579	229	0
2	1	1	1	5.552256e+00	576	222	0
2	1	1	1	5.569088e+00	576	219	0
2	1	1	1	5.585721e+00	576	218	0
2	1	1	1	5.602453e+00	575	217	0
2	1	1	1	5.619018e+00	574	217	0
2	1	1	1	5.635954e+00	572	215	0
2	1	1	1	5.665316e+00	565	215	0
2	1	1	1	5.673943e+00	553	213	0
2	1	1	1	5.685660e+00	541	213	0
2	1	1	1	5.702279e+00	535	213	0
2	1	1	1	5.719211e+00	529	213	0
2	1	1	1	5.735858e+00	522	214	0
2	1	1	1	5.752649e+00	518	216	0
2	1	1	1	5.769302e+00	516	217	0
2	1	1	1	5.785781e+00	507	219	0
2	1	1	1	5.802222e+00	504	222	0
2	1	1	1	5.819155e+00	502	224	0
2	1	1	1	5.835640e+00	502	224	0
2	1	1	1	5.852577e+00	502	224	0
2	1	1	1	5.869270e+00	502	224	0
2	1	1	1	5.885752e+00	502	224	0
2	1	1	1	5.902418e+00	502	224	0
2	1	1	1	5.919307e+00	502	224	0
2	1	1	1	5.935891e+00	502	224	0
2	1	1	1	5.952564e+00	502	224	0
2	1	1	1	5.969274e+00	502	224	0
2	1	1	1	6.034863e+00	501	225	0
2	1	1	1	6.052654e+00	501	226	0
2	1	1	1	6.069253e+00	501	226	0
2	1	1	1	6.085850e+00	501	226	0
2	1	1	1	6.102588e+00	501	226	0
2	1	1	1	6.119313e+00	501	226	0
2	1	1	1	6.135943e+00	501	226	0
2	1	1	1	6.152748e+00	501	226	0
2	1	1	1	6.169270e+00	501	226	0
2	1	1	1	6.185792e+00	501	222	0
2	1	1	1	6.202725e+00	501	219	0
2	1	1	1	6.219271e+00	501	216	0
2	1	1	1	6.235953e+00	501	215	0
2	1	1	1	6.252797e+00	501	215	0
2	1	1	1	6.269392e+00	501	215	0
2	1	1	1	6.285766e+00	501	215	0
2	1	1	1	6.302625e+00	501	215	0
2	1	1	1	6.319422e+00	501	215	0
2	1	1	1	6.335801e+00	501	215	0
2	1	1	1	6.352848e+00	501	215	0
2	1	1	1	6.369462e+00	501	215	0
2	1	1	1	6.385944e+00	501	215	0
2	1	1	1	6.402690e+00	501	215	0
2	1	1	1	6.419402e+00	501	215	0
2	1	1	1	6.435760e+00	501	219	0
2	1	1	1	6.452816e+00	501	223	0
2	1	1	1	6.469504e+00	501	233	0
2	1	1	1	6.485904e+00	503	260	0
2	1	1	1	6.502657e+00	516	289	0
2	1	1	1	6.519498e+00	528	321	0
2	1	1	1	6.536146e+00	533	345	0
2	1	1	1	6.552983e+00	534	372	0
2	1	1	1	6.576235e+00	534	403	0
2	1	1	1	6.596173e+00	534	425	0
2	1	1	1	6.602568e+00	534	441	0
2	1	1	1	6.619697e+00	534	452	0
2	1	1	1	6.642222e+00	534	466	0
2	1	1	1	6.660526e+00	534	472	0
2	1	1	1	6.669341e+00	533	474	0
2	1	1	1	6.686049e+00	533	474	0
2	1	1	1	6.702681e+00	532	475	0
2	1	1	1	6.719523e+00	531	475	0
2	1	1	1	6.736258e+00	526	475	0
2	1	1	1	6.752914e+00	522	475	0
2	1	1	1	6.769424e+00	518	474	0
2	1	1	1	6.786009e+00	515	470	0
2	1	1	1	6.802647e+00	512	468	0
2	1	1	1	6.819611e+00	509	465	0
2	1	1	1	6.836147e+00	506	463	0
2	1	1	1	6.852830e+00	505	460	0
2	1	1	1	6.869671e+00	504	457	0
2	1	1	1	6.886200e+00	504	457	0
2	1	1	1	6.902873e+00	504	457	0
2	1	1	1	6.919549e+00	504	457	0
2	1	1	1	6.936237e+00	504	457	0
2	1	1	1	6.952772e+00	504	457	0
2	1	1	1	6.969642e+00	504	457	0
2	1	1	1	6.986118e+00	504	457	0
2	1	1	1	7.002940e+00	504	457	0
2	1	1	1	7.019621e+00	504	457	0
2	1	1	1	7.036170e+00	504	457	0
2	1	1	1	7.053103e+00	504	457	0
2	1	1	1	7.069654e+00	504	457	0
2	1	1	1	7.086094e+00	504	457	0
2	1	1	1	7.103020e+00	504	457	0
2	1	1	1	7.119682e+00	504	457	0
2	1	1	1	7.136362e+00	504	457	0
2	1	1	1	7.154019e+00	504	457	0
2	1	1	1	7.169617e+00	504	457	0
2	1	1	1	7.186149e+00	504	457	0
2	1	1	1	7.203101e+00	504	457	0
2	1	1	1	7.219623e+00	504	457	0
2	1	1	1	7.236306e+00	504	457	0
2	1	1	1	7.253083e+00	504	457	0
2	1	1	1	7.269531e+00	504	457	0
2	1	1	1	7.286175e+00	504	457	0
2	1	1	1	7.303047e+00	504	457	0
2	1	1	1	7.319562e+00	504	457	0
2	1	1	1	7.336390e+00	504	457	0
2	1	1	1	7.353065e+00	504	457	0
2	1	1	1	7.369733e+00	504	457	0
2	1	1	1	7.386196e+00	504	457	0
2	1	1	1	7.403026e+00	504	457	0
2	1	1	1	7.419571e+00	504	457	0
2	1	1	1	7.436457e+00	504	457	0
2	1	1	1	7.453039e+00	504	457	0
2	1	1	1	7.469662e+00	504	457	0
2	1	1	1	7.486246e+00	504	457	0
2	1	1	1	7.503070e+00	504	457	0
2	1	1	1	7.519613e+00	504	457	0
2	1	1	1	7.536297e+00	504	457	0
2	1	1	1	7.554097e+00	504	457	0
2	1	1	1	7.569628e+00	504	457	0
2	1	1	1	7.586197e+00	504	457	0
2	1	1	1	7.657695e+00	506	456	0
2	1	1	1	7.669352e+00	506	456	0
2	1	1	1	7.686435e+00	506	456	0
2	1	1	1	7.703117e+00	506	456	0
2	1	1	1	7.719872e+00	506	456	0
2	1	1	1	7.736456e+00	506	456	0
2	1	1	1	7.754008e+00	506	456	0
2	1	1	1	7.769814e+00	506	456	0
2	1	1	1	7.786564e+00	506	456	0
2	1	1	1	7.803089e+00	506	456	0
2	1	1	1	7.819760e+00	506	456	0
2	1	1	1	7.836596e+00	506	456	0
2	1	1	1	7.853320e+00	506	456	0
2	1	1	1	7.869723e+00	506	456	0
2	1	1	1	7.886552e+00	506	456	0
2	1	1	1	7.903294e+00	506	456	0
2	1	1	1	7.919947e+00	506	456	0
2	1	1	1	7.936472e+00	510	455	0
2	1	1	1	7.954175e+00	530	450	0
2	1	1	1	7.969738e+00	556	447	0
2	1	1	1	7.986679e+00	589	443	0
2	1	1	1	8.003176e+00	619	442	0
2	1	1	1	8.019927e+00	643	438	0
2	1	1	1	8.038361e+00	655	438	0
2	1	1	1	8.099297e+00	676	438	0
2	1	1	1	8.103224e+00	676	438	0
2	1	1	1	8.119676e+00	700	444	0
2	1	1	1	8.136630e+00	718	445	0
2	1	1	1	8.153958e+00	734	448	0
2	1	1	1	8.169775e+00	745	451	0
2	1	1	1	8.186655e+00	751	452	0
2	1	1	1	8.203202e+00	754	453	0
2	1	1	1	8.220057e+00	756	453	0
2	1	1	1	8.236664e+00	757	453	0
2	1	1	1	8.253304e+00	757	453	0
2	1	1	1	8.269959e+00	757	453	0
2	1	1	1	8.286671e+00	757	453	0
2	1	1	1	8.303317e+00	757	453	0
2	1	1	1	8.320027e+00	757	453	0
2	1	1	1	8.336647e+00	753	454	0
2	1	1	1	8.353405e+00	742	454	0
2	1	1	1	8.369912e+00	729	455	0
2	1	1	1	8.386734e+00	721	455	0
2	1	1	1	8.403394e+00	715	456	0
2	1	1	1	8.420049e+00	711	456	0
2	1	1	1	8.436792e+00	710	456	0
2	1	1	1	8.453010e+00	710	456	0
2	1	1	1	8.469874e+00	710	456	0
2	1	1	1	8.486876e+00	710	456	0
2	1	1	1	8.503412e+00	710	456	0
2	1	1	1	8.520092e+00	710	456	0
2	1	1	1	8.536780e+00	710	456	0
2	1	1	1	8.553454e+00	710	456	0
2	1	1	1	8.570130e+00	710	456	0
2	1	1	1	8.586525e+00	709	457	0
2	1	1	1	8.603514e+00	711	457	0
2	1	1	1	8.620162e+00	712	457	0
2	1	1	1	8.636693e+00	713	457	0
2	1	1	1	8.653228e+00	713	457	0
2	1	1	1	8.670125e+00	713	457	0
2	1	1	1	8.686851e+00	713	457	0
2	1	1	1	8.703527e+00	713	457	0
2	1	1	1	8.720165e+00	713	457	0
2	1	1	1	8.736877e+00	713	457	0
2	1	1	1	8.753565e+00	713	457	0
2	1	1	1	8.770087e+00	713	457	0
2	1	1	1	8.786832e+00	713	457	0
2	1	1	1	8.803496e+00	713	457	0
2	1	1	1	8.820167e+00	713	457	0
2	1	1	1	8.836921e+00	713	457	0
2	1	1	1	8.853633e+00	713	457	0
2	1	1	1	8.870155e+00	713	457	0
2	1	1	1	8.886855e+00	713	457	0
2	1	1	1	8.903606e+00	713	457	0
2	1	1	1	8.920273e+00	713	457	0
2	1	1	1	8.936769e+00	713	457	0
2	1	1	1	8.953637e+00	713	457	0
2	1	1	1	8.970153e+00	713	457	0
2	1	1	1	8.986904e+00	713	457	0
2	1	1	1	9.003587e+00	713	457	0
2	1	1	1	9.020260e+00	713	457	0
2	1	1	1	9.036832e+00	713	457	0
2	1	1	1	9.053568e+00	713	457	0
2	1	1	1	9.070156e+00	713	457	0
2	1	1	1	9.086965e+00	713	457	0
2	1	1	1	9.157753e+00	713	457	0
2	1	1	1	9.169863e+00	713	457	0
2	1	1	1	9.186999e+00	713	457	0
2	1	1	1	9.203672e+00	713	457	0
2	1	1	1	9.221471e+00	713	457	0
2	1	1	1	9.237039e+00	713	457	0
2	1	1	1	9.253576e+00	713	457	0
2	1	1	1	9.270210e+00	713	457	0
2	1	1	1	9.287024e+00	713	457	0
2	1	1	1	9.303691e+00	713	457	0
2	1	1	1	9.320290e+00	713	457	0
2	1	1	1	9.336778e+00	713	457	0
2	1	1	1	9.353792e+00	713	457	0
2	1	1	1	9.370188e+00	713	457	0
2	1	1	1	9.387047e+00	713	457	0
2	1	1	1	9.403684e+00	713	457	0
2	1	1	1	9.420315e+00	713	457	0
2	1	1	1	9.437035e+00	713	457	0
2	1	1	1	9.453708e+00	713	457	0
2	1	1	1	9.470218e+00	714	457	0
2	1	1	1	9.487080e+00	718	457	0
2	1	1	1	9.503725e+00	724	457	0
2	1	1	1	9.520438e+00	734	453	0
2	1	1	1	9.537090e+00	744	452	0
2	1	1	1	9.553695e+00	756	450	0
2	1	1	1	9.570187e+00	784	450	0
2	1	1	1	9.587280e+00	808	450	0
2	1	1	1	9.603661e+00	827	450	0
2	1	1	1	9.620465e+00	851	450	0
2	1	1	1	9.655127e+00	870	448	0
2	1	1	1	9.677171e+00	916	441	0
2	1	1	1	9.686887e+00	921	439	0
2	1	1	1	9.703736e+00	930	436	0
2	1	1	1	9.738780e+00	931	435	0
2	1	1	1	9.757167e+00	932	435	0
2	1	1	1	9.770674e+00	932	435	0
2	1	1	1	9.787108e+00	932	435	0
2	1	1	1	9.803734e+00	932	435	0
2	1	1	1	9.820451e+00	932	435	0
2	1	1	1	9.837050e+00	932	435	0
2	1	1	1	9.853798e+00	932	435	0
2	1	1	1	9.870370e+00	932	435	0
2	1	1	1	9.887135e+00	932	435	0
2	1	1	1	9.903763e+00	932	435	0
2	1	1	1	9.920508e+00	932	435	0
2	1	1	1	9.937204e+00	932	435	0
2	1	1	1	9.954050e+00	933	437	0
2	1	1	1	9.970535e+00	933	440	0
2	1	1	1	9.987131e+00	934	446	0
2	1	1	1	1.000397e+01	935	447	0
2	1	1	1	1.002051e+01	935	449	0
2	1	1	1	1.003717e+01	936	450	0
2	1	1	1	1.005399e+01	936	450	0
2	1	1	1	1.007057e+01	936	451	0
2	1	1	1	1.008742e+01	936	451	0
2	1	1	1	1.010380e+01	936	451	0
2	1	1	1	1.012061e+01	936	451	0
2	1	1	1	1.013708e+01	936	451	0
2	1	1	1	1.015406e+01	936	451	0
2	1	1	1	1.017073e+01	936	451	0
2	1	1	1	1.018709e+01	936	451	0
2	1	1	1	1.020389e+01	936	451	0
2	1	1	1	1.022066e+01	936	451	0
2	1	1	1	1.023712e+01	936	451	0
2	1	1	1	1.025380e+01	936	451	0
2	1	1	1	1.027062e+01	936	451	0
2	1	1	1	1.028737e+01	936	451	0
2	1	1	1	1.030397e+01	936	451	0
2	1	1	1	1.032070e+01	936	451	0
2	1	1	1	1.033728e+01	936	451	0
2	1	1	1	1.035393e+01	936	451	0
2	1	1	1	1.037065e+01	936	451	0
2	1	1	1	1.038720e+01	936	451	0
2	1	1	1	1.040402e+01	936	451	0
2	1	1	1	1.042075e+01	936	451	0
2	1	1	1	1.043739e+01	936	451	0
2	1	1	1	1.045401e+01	936	451	0
2	1	1	1	1.047060e+01	936	451	0
2	1	1	1	1.048738e+01	936	451	0
2	1	1	1	1.050405e+01	936	451	0
2	1	1	1	1.052071e+01	936	451	0
2	1	1	1	1.053733e+01	936	451	0
2	1	1	1	1.055399e+01	936	451	0
2	1	1	1	1.057087e+01	936	451	0
2	1	1	1	1.058742e+01	936	451	0
2	1	1	1	1.060407e+01	936	451	0
2	1	1	1	1.062055e+01	936	451	0
2	1	1	1	1.063732e+01	936	451	0
2	1	1	1	1.065396e+01	936	451	0
2	1	1	1	1.067063e+01	936	451	0
2	1	1	1	1.073719e+01	936	451	0
2	1	1	1	1.075908e+01	936	451	0
2	1	1	1	1.077076e+01	936	451	0
2	1	1	1	1.078747e+01	936	451	0
2	1	1	1	1.080410e+01	936	451	0
2	1	1	1	1.082073e+01	936	451	0
2	1	1	1	1.083761e+01	936	451	0
2	1	1	1	1.085397e+01	936	451	0
2	1	1	1	1.087080e+01	936	451	0
2	1	1	1	1.088760e+01	936	451	0
2	1	1	1	1.090412e+01	936	451	0
2	1	1	1	1.092076e+01	936	451	0
2	1	1	1	1.093755e+01	936	451	0
2	1	1	1	1.095416e+01	936	451	0
2	1	1	1	1.097070e+01	936	451	0
2	1	1	1	1.098762e+01	936	453	0
2	1	1	1	1.100426e+01	936	456	0
2	1	1	1	1.102081e+01	936	467	0
2	1	1	1	1.103768e+01	936	478	0
2	1	1	1	1.105402e+01	936	487	0
2	1	1	1	1.107079e+01	936	496	0
2	1	1	1	1.108755e+01	936	506	0
2	1	1	1	1.110432e+01	934	522	0
2	1	1	1	1.112082e+01	932	540	0
2	1	1	1	1.113761e+01	932	558	0
2	1	1	1	1.115395e+01	932	573	0
2	1	1	1	1.117079e+01	932	592	0
2	1	1	1	1.119155e+01	932	605	0
2	1	1	1	1.123364e+01	932	617	0
2	1	1	1	1.123752e+01	932	617	0
2	1	1	1	1.125432e+01	932	618	0
2	1	1	1	1.127491e+01	932	618	0
2	1	1	1	1.128813e+01	932	618	0
2	1	1	1	1.130431e+01	932	618	0
2	1	1	1	1.132096e+01	932	620	0
2	1	1	1	1.133761e+01	932	623	0
2	1	1	1	1.135420e+01	932	626	0
2	1	1	1	1.137109e+01	932	631	0
2	1	1	1	1.138781e+01	932	635	0
2	1	1	1	1.140436e+01	932	639	0
2	1	1	1	1.142096e+01	932	642	0
2	1	1	1	1.143760e+01	932	644	0
2	1	1	1	1.145411e+01	932	648	0
2	1	1	1	1.147108e+01	932	650	0
2	1	1	1	1.148776e+01	934	654	0
2	1	1	1	1.150432e+01	935	660	0
2	1	1	1	1.152098e+01	937	665	0
2	1	1	1	1.153768e+01	938	667	0
2	1	1	1	1.155427e+01	940	671	0
2	1	1	1	1.157116e+01	942	672	0
2	1	1	1	1.158773e+01	943	674	0
2	1	1	1	1.160437e+01	943	674	0
2	1	1	1	1.162116e+01	943	675	0
2	1	1	1	1.163769e+01	943	676	0
2	1	1	1	1.165422e+01	944	678	0
2	1	1	1	1.167116e+01	944	678	0
2	1	1	1	1.168789e+01	944	679	0
2	1	1	1	1.170442e+01	944	679	0
2	1	1	1	1.172097e+01	944	679	0
2	1	1	1	1.173760e+01	944	679	0
2	1	1	1	1.175416e+01	944	679	0
2	1	1	1	1.177112e+01	944	679	0
2	1	1	1	1.178780e+01	944	679	0
2	1	1	1	1.180451e+01	944	679	0
2	1	1	1	1.182108e+01	944	679	0
2	1	1	1	1.183782e+01	944	679	0
2	1	1	1	1.185452e+01	944	679	0
2	1	1	1	1.187108e+01	944	679	0
2	1	1	1	1.188785e+01	944	679	0
2	1	1	1	1.190453e+01	944	679	0
2	1	1	1	1.192103e+01	944	679	0
2	1	1	1	1.193792e+01	944	679	0
2	1	1	1	1.195467e+01	944	679	0
2	1	1	1	1.197146e+01	944	679	0
2	1	1	1	1.198873e+01	944	679	0
2	1	1	1	1.200472e+01	944	679	0
2	1	1	1	1.202127e+01	944	679	0
2	1	1	1	1.203788e+01	944	679	0
2	1	1	1	1.205448e+01	944	679	0
2	1	1	1	1.207119e+01	944	679	0
2	1	1	1	1.208790e+01	944	679	0
2	1	1	1	1.210454e+01	944	679	0
2	1	1	1	1.212127e+01	944	679	0
2	1	1	1	1.213795e+01	944	679	0
2	1	1	1	1.215460e+01	944	679	0
2	1	1	1	1.217134e+01	944	679	0
2	1	1	1	1.218791e+01	944	679	0
2	1	1	1	1.220459e+01	944	679	0
2	1	1	1	1.222133e+01	944	679	0
2	1	1	1	1.228752e+01	944	679	0
2	1	1	1	1.230461e+01	944	679	0
2	1	1	1	1.232132e+01	944	679	0
2	1	1	1	1.233780e+01	944	679	0
2	1	1	1	1.235471e+01	944	679	0
2	1	1	1	1.237125e+01	944	679	0
2	1	1	1	1.238803e+01	944	679	0
2	1	1	1	1.240468e+01	944	679	0
2	1	1	1	1.242130e+01	944	679	0
2	1	1	1	1.243796e+01	944	679	0
2	1	1	1	1.245464e+01	944	679	0
2	1	1	1	1.247138e+01	944	679	0
2	1	1	1	1.248804e+01	944	679	0
2	1	1	1	1.250474e+01	944	679	0
2	1	1	1	1.252132e+01	944	679	0
2	1	1	1	1.253804e+01	944	679	0
2	1	1	1	1.255464e+01	944	679	0
2	1	1	1	1.257126e+01	940	679	0
2	1	1	1	1.258804e+01	935	679	0
2	1	1	1	1.260466e+01	930	679	0
2	1	1	1	1.262133e+01	922	679	0
2	1	1	1	1.263797e+01	915	679	0
2	1	1	1	1.265460e+01	909	679	0
2	1	1	1	1.267127e+01	884	684	0
2	1	1	1	1.268811e+01	854	690	0
2	1	1	1	1.270466e+01	830	694	0
2	1	1	1	1.272149e+01	810	700	0
2	1	1	1	1.273805e+01	796	704	0
2	1	1	1	1.275531e+01	788	707	0
2	1	1	1	1.278132e+01	783	710	0
2	1	1	1	1.278770e+01	781	710	0
2	1	1	1	1.280475e+01	779	711	0
2	1	1	1	1.282141e+01	777	711	0
2	1	1	1	1.283809e+01	777	711	0
2	1	1	1	1.285473e+01	776	711	0
2	1	1	1	1.287147e+01	776	711	0
2	1	1	1	1.288822e+01	775	711	0
2	1	1	1	1.290473e+01	774	710	0
2	1	1	1	1.292158e+01	773	709	0
2	1	1	1	1.293795e+01	770	706	0
2	1	1	1	1.295491e+01	770	706	0
2	1	1	1	1.297158e+01	768	704	0
2	1	1	1	1.298817e+01	765	699	0
2	1	1	1	1.300490e+01	762	696	0
2	1	1	1	1.302151e+01	760	692	0
2	1	1	1	1.303801e+01	759	691	0
2	1	1	1	1.305469e+01	757	688	0
2	1	1	1	1.307166e+01	757	688	0
2	1	1	1	1.308787e+01	755	686	0
2	1	1	1	1.310451e+01	754	685	0
2	1	1	1	1.312208e+01	750	683	0
2	1	1	1	1.313831e+01	746	683	0
2	1	1	1	1.315577e+01	743	683	0
2	1	1	1	1.317169e+01	740	683	0
2	1	1	1	1.318843e+01	737	683	0
2	1	1	1	1.320488e+01	735	683	0
2	1	1	1	1.322144e+01	733	683	0
2	1	1	1	1.323820e+01	732	683	0
2	1	1	1	1.325488e+01	729	683	0
2	1	1	1	1.327159e+01	727	683	0
2	1	1	1	1.328836e+01	726	683	0
2	1	1	1	1.330503e+01	726	683	0
2	1	1	1	1.332165e+01	726	683	0
2	1	1	1	1.333821e+01	726	683	0
2	1	1	1	1.335472e+01	726	683	0
2	1	1	1	1.337160e+01	726	683	0
2	1	1	1	1.338831e+01	726	683	0
2	1	1	1	1.340489e+01	726	683	0
2	1	1	1	1.342162e+01	726	683	0
2	1	1	1	1.343804e+01	726	683	0
2	1	1	1	1.345510e+01	726	683	0
2	1	1	1	1.347179e+01	726	683	0
2	1	1	1	1.348828e+01	726	683	0
2	1	1	1	1.350501e+01	726	683	0
2	1	1	1	1.352174e+01	726	683	0
2	1	1	1	1.353820e+01	726	683	0
2	1	1	1	1.355610e+01	726	683	0
2	1	1	1	1.357186e+01	726	683	0
2	1	1	1	1.358833e+01	726	683	0
2	1	1	1	1.360511e+01	726	683	0
2	1	1	1	1.362174e+01	726	683	0
2	1	1	1	1.363816e+01	726	683	0
2	1	1	1	1.365510e+01	726	683	0
2	1	1	1	1.367178e+01	726	683	0
2	1	1	1	1.368844e+01	726	683	0
2	1	1	1	1.370504e+01	726	683	0
2	1	1	1	1.372171e+01	726	683	0
2	1	1	1	1.373829e+01	726	683	0
2	1	1	1	1.375567e+01	726	683	0
2	1	1	1	1.377181e+01	726	683	0
2	1	1	1	1.383754e+01	726	683	0
2	1	1	1	1.385515e+01	726	683	0
2	1	1	1	1.387302e+01	726	683	0
2	1	1	1	1.388847e+01	726	683	0
2	1	1	1	1.390524e+01	726	683	0
2	1	1	1	1.392165e+01	726	683	0
2	1	1	1	1.393830e+01	726	683	0
2	1	1	1	1.395514e+01	726	683	0
2	1	1	1	1.397185e+01	726	683	0
2	1	1	1	1.398844e+01	726	683	0
2	1	1	1	1.400521e+01	726	683	0
2	1	1	1	1.402275e+01	726	683	0
2	1	1	1	1.403830e+01	726	683	0
2	1	1	1	1.405500e+01	726	683	0
2	1	1	1	1.407192e+01	726	683	0
2	1	1	1	1.408843e+01	726	683	0
2	1	1	1	1.410524e+01	726	683	0
2	1	1	1	1.412162e+01	726	683	0
2	1	1	1	1.413856e+01	723	683	0
2	1	1	1	1.415530e+01	717	683	0
2	1	1	1	1.417191e+01	711	683	0
2	1	1	1	1.418852e+01	706	683	0
2	1	1	1	1.420528e+01	701	683	0
2	1	1	1	1.422158e+01	691	683	0
2	1	1	1	1.423856e+01	685	683	0
2	1	1	1	1.425539e+01	682	683	0
2	1	1	1	1.427202e+01	675	683	0
2	1	1	1	1.428845e+01	666	683	0
2	1	1	1	1.430537e+01	652	683	0
2	1	1	1	1.432187e+01	637	683	0
2	1	1	1	1.433854e+01	622	683	0
2	1	1	1	1.435535e+01	604	683	0
2	1	1	1	1.437188e+01	588	683	0
2	1	1	1	1.438871e+01	577	683	0
2	1	1	1	1.441146e+01	566	681	0
2	1	1	1	1.442620e+01	561	681	0
2	1	1	1	1.443850e+01	556	681	0
2	1	1	1	1.445517e+01	552	681	0
2	1	1	1	1.447915e+01	549	680	0
2	1	1	1	1.448859e+01	547	680	0
2	1	1	1	1.450552e+01	542	680	0
2	1	1	1	1.452185e+01	533	680	0
2	1	1	1	1.453863e+01	529	680	0
2	1	1	1	1.455542e+01	529	680	0
2	1	1	1	1.457189e+01	528	680	0
2	1	1	1	1.458879e+01	525	680	0
2	1	1	1	1.460540e+01	523	680	0
2	1	1	1	1.462192e+01	523	680	0
2	1	1	1	1.463866e+01	523	680	0
2	1	1	1	1.465534e+01	522	679	0
2	1	1	1	1.467200e+01	521	679	0
2	1	1	1	1.468864e+01	521	678	0
2	1	1	1	1.470539e+01	521	678	0
2	1	1	1	1.472205e+01	521	678	0
2	1	1	1	1.473871e+01	520	677	0
2	1	1	1	1.475537e+01	520	677	0
2	1	1	1	1.477218e+01	520	677	0
2	1	1	1	1.478864e+01	520	677	0
2	1	1	1	1.480538e+01	519	677	0
2	1	1	1	1.482199e+01	519	677	0
2	1	1	1	1.483869e+01	519	677	0
2	1	1	1	1.485546e+01	517	674	0
2	1	1	1	1.487206e+01	517	674	0
2	1	1	1	1.488892e+01	515	674	0
2	1	1	1	1.490554e+01	512	674	0
2	1	1	1	1.492195e+01	508	674	0
2	1	1	1	1.493865e+01	504	674	0
2	1	1	1	1.495556e+01	501	675	0
2	1	1	1	1.497199e+01	498	676	0
2	1	1	1	1.498862e+01	498	676	0
2	1	1	1	1.500531e+01	497	676	0
2	1	1	1	1.502184e+01	497	676	0
2	1	1	1	1.503857e+01	497	676	0
2	1	1	1	1.505564e+01	497	676	0
2	1	1	1	1.507227e+01	497	676	0
2	1	1	1	1.508887e+01	497	676	0
2	1	1	1	1.510548e+01	497	676	0
2	1	1	1	1.512219e+01	497	676	0
2	1	1	1	1.513896e+01	497	676	0
2	1	1	1	1.515560e+01	497	676	0
2	1	1	1	1.517217e+01	497	676	0
2	1	1	1	1.518889e+01	497	676	0
2	1	1	1	1.520555e+01	497	676	0
2	1	1	1	1.522213e+01	497	676	0
2	1	1	1	1.523871e+01	497	676	0
2	1	1	1	1.525568e+01	497	676	0
2	1	1	1	1.527233e+01	497	676	0
2	1	1	1	1.528896e+01	497	676	0
2	1	1	1	1.530555e+01	497	676	0
2	1	1	1	1.532202e+01	497	676	0
2	1	1	1	1.533892e+01	497	676	0
2	1	1	1	1.535506e+01	497	676	0
2	1	1	1	1.537167e+01	497	676	0
2	1	1	1	1.538907e+01	497	676	0
2	1	1	1	1.540565e+01	497	676	0
2	1	1	1	1.542206e+01	497	676	0
2	1	1	1	1.548825e+01	497	676	0
2	1	1	1	1.550570e+01	497	676	0
2	1	1	1	1.552211e+01	497	676	0
2	1	1	1	1.553886e+01	497	676	0
2	1	1	1	1.555576e+01	497	676	0
2	1	1	1	1.557230e+01	497	676	0
2	1	1	1	1.558899e+01	497	676	0
2	1	1	1	1.560565e+01	497	676	0
2	1	1	1	1.562211e+01	497	676	0
2	1	1	1	1.563899e+01	497	676	0
2	1	1	1	1.565570e+01	497	676	0
2	1	1	1	1.567228e+01	496	676	0
2	1	1	1	1.568904e+01	497	675	0
2	1	1	1	1.570578e+01	499	673	0
2	1	1	1	1.572214e+01	504	670	0
2	1	1	1	1.573910e+01	511	663	0
2	1	1	1	1.575592e+01	515	658	0
2	1	1	1	1.577228e+01	530	646	0
2	1	1	1	1.578902e+01	542	637	0
2	1	1	1	1.580584e+01	550	628	0
2	1	1	1	1.582231e+01	558	621	0
2	1	1	1	1.583921e+01	567	615	0
2	1	1	1	1.585588e+01	572	608	0
2	1	1	1	1.587250e+01	577	604	0
2	1	1	1	1.588917e+01	586	595	0
2	1	1	1	1.590578e+01	595	587	0
2	1	1	1	1.592224e+01	607	575	0
2	1	1	1	1.593901e+01	613	570	0
2	1	1	1	1.595589e+01	619	561	0
2	1	1	1	1.597254e+01	626	551	0
2	1	1	1	1.598911e+01	629	544	0
2	1	1	1	1.600576e+01	634	535	0
2	1	1	1	1.602244e+01	639	528	0
2	1	1	1	1.604113e+01	646	521	0
2	1	1	1	1.606105e+01	656	506	0
2	1	1	1	1.607255e+01	660	500	0
2	1	1	1	1.608887e+01	666	491	0
2	1	1	1	1.610550e+01	672	483	0
2	1	1	1	1.612271e+01	674	479	0
2	1	1	1	1.613901e+01	676	474	0
2	1	1	1	1.615564e+01	679	471	0
2	1	1	1	1.617223e+01	682	468	0
2	1	1	1	1.618901e+01	684	464	0
2	1	1	1	1.620571e+01	687	460	0
2	1	1	1	1.622229e+01	688	459	0
2	1	1	1	1.623894e+01	689	458	0
2	1	1	1	1.625593e+01	690	456	0
2	1	1	1	1.627241e+01	692	456	0
2	1	1	1	1.628893e+01	693	456	0
2	1	1	1	1.630565e+01	695	456	0
2	1	1	1	1.632222e+01	696	456	0
2	1	1	1	1.633902e+01	697	456	0
2	1	1	1	1.635586e+01	701	456	0
2	1	1	1	1.637239e+01	703	456	0
2	1	1	1	1.638893e+01	704	456	0
2	1	1	1	1.640573e+01	706	456	0
2	1	1	1	1.642245e+01	709	455	0
2	1	1	1	1.643891e+01	711	454	0
2	1	1	1	1.645602e+01	716	454	0
2	1	1	1	1.647254e+01	719	453	0
2	1	1	1	1.648924e+01	722	453	0
2	1	1	1	1.650580e+01	723	452	0
2	1	1	1	1.652266e+01	724	451	0
2	1	1	1	1.653934e+01	724	451	0
2	1	1	1	1.655592e+01	724	451	0
2	1	1	1	1.657270e+01	724	451	0
2	1	1	1	1.658928e+01	724	451	0
2	1	1	1	1.660601e+01	724	451	0
2	1	1	1	1.662260e+01	724	451	0
2	1	1	1	1.663932e+01	724	451	0
2	1	1	1	1.665617e+01	724	451	0
2	1	1	1	1.667275e+01	724	451	0
2	1	1	1	1.668926e+01	724	451	0
2	1	1	1	1.670610e+01	724	451	0
2	1	1	1	1.672273e+01	724	451	0
2	1	1	1	1.673928e+01	724	451	0
2	1	1	1	1.675612e+01	724	451	0
2	1	1	1	1.677261e+01	724	451	0
2	1	1	1	1.678919e+01	724	451	0
2	1	1	1	1.680600e+01	724	451	0
2	1	1	1	1.682269e+01	724	451	0
2	1	1	1	1.683944e+01	724	451	0
2	1	1	1	1.685604e+01	724	451	0
2	1	1	1	1.687273e+01	724	451	0
2	1	1	1	1.688937e+01	724	451	0
2	1	1	1	1.690595e+01	724	451	0
2	1	1	1	1.692263e+01	724	451	0
2	1	1	1	1.693947e+01	724	451	0
2	1	1	1	1.695609e+01	724	451	0
2	1	1	1	1.697286e+01	724	451	0
2	1	1	1	1.698945e+01	724	451	0
2	1	1	1	1.700607e+01	724	451	0
2	1	1	1	1.702275e+01	724	451	0
2	1	1	1	1.703952e+01	724	451	0
2	1	1	1	1.705607e+01	724	451	0
2	1	1	1	1.712331e+01	724	451	0
2	1	1	1	1.713945e+01	724	451	0
2	1	1	1	1.715698e+01	724	451	0
2	1	1	1	1.717272e+01	724	451	0
2	1	1	1	1.718939e+01	724	451	0
2	1	1	1	1.720613e+01	724	451	0
2	1	1	1	1.722250e+01	724	451	0
2	1	1	1	1.723933e+01	724	451	0
2	1	1	1	1.725587e+01	724	451	0
2	1	1	1	1.727264e+01	724	451	0
2	1	1	1	1.728936e+01	724	451	0
2	1	1	1	1.730586e+01	724	451	0
2	1	1	1	1.732276e+01	724	451	0
2	1	1	1	1.733999e+01	724	451	0
2	1	1	1	1.735587e+01	724	451	0
2	1	1	1	1.737257e+01	724	451	0
2	1	1	1	1.738921e+01	724	451	0
2	1	1	1	1.740578e+01	724	451	0
2	1	1	1	1.742302e+01	724	451	0
2	1	1	1	1.743957e+01	724	451	0
2	1	1	1	1.745623e+01	735	443	0
2	1	1	1	1.747302e+01	768	420	0
2	1	1	1	1.748942e+01	793	401	0
2	1	1	1	1.750617e+01	800	396	0
2	1	1	1	1.752278e+01	807	388	0
2	1	1	1	1.753956e+01	812	384	0
2	1	1	1	1.755627e+01	815	375	0
2	1	1	1	1.757307e+01	819	368	0
2	1	1	1	1.758961e+01	821	365	0
2	1	1	1	1.760631e+01	824	360	0
2	1	1	1	1.762305e+01	830	352	0
2	1	1	1	1.763938e+01	835	346	0
2	1	1	1	1.765669e+01	846	335	0
2	1	1	1	1.767306e+01	856	325	0
2	1	1	1	1.768968e+01	869	312	0
2	1	1	1	1.771600e+01	892	295	0
2	1	1	1	1.772949e+01	911	284	0
2	1	1	1	1.773944e+01	927	274	0
2	1	1	1	1.775646e+01	938	263	0
2	1	1	1	1.778136e+01	945	257	0
2	1	1	1	1.779165e+01	952	251	0
2	1	1	1	1.780627e+01	956	247	0
2	1	1	1	1.782311e+01	958	243	0
2	1	1	1	1.783980e+01	959	240	0
2	1	1	1	1.785638e+01	959	240	0
2	1	1	1	1.787313e+01	959	239	0
2	1	1	1	1.788968e+01	959	238	0
2	1	1	1	1.790619e+01	959	238	0
2	1	1	1	1.792320e+01	959	237	0
2	1	1	1	1.793972e+01	958	235	0
2	1	1	1	1.795650e+01	955	233	0
2	1	1	1	1.797306e+01	952	233	0
2	1	1	1	1.798974e+01	950	232	0
2	1	1	1	1.800621e+01	946	231	0
2	1	1	1	1.802310e+01	946	231	0
2	1	1	1	1.803980e+01	946	231	0
2	1	1	1	1.805666e+01	946	231	0
2	1	1	1	1.807305e+01	946	231	0
2	1	1	1	1.808981e+01	946	231	0
2	1	1	1	1.810628e+01	946	231	0
2	1	1	1	1.812319e+01	946	231	0
2	1	1	1	1.813979e+01	946	231	0
2	1	1	1	1.815656e+01	946	231	0
2	1	1	1	1.817314e+01	946	231	0
2	1	1	1	1.818982e+01	946	231	0
2	1	1	1	1.820637e+01	946	231	0
2	1	1	1	1.822315e+01	946	231	0
2	1	1	1	1.823998e+01	946	231	0
2	1	1	1	1.825649e+01	946	231	0
2	1	1	1	1.827317e+01	946	231	0
2	1	1	1	1.828981e+01	946	231	0
2	1	1	1	1.830666e+01	946	231	0
2	1	1	1	1.832303e+01	946	231	0
2	1	1	1	1.833984e+01	946	231	0
2	1	1	1	1.835664e+01	946	231	0
2	1	1	1	1.837303e+01	946	231	0
2	1	1	1	1.838985e+01	946	231	0
2	1	1	1	1.840651e+01	946	231	0
2	1	1	1	1.842326e+01	946	231	0
2	1	1	1	1.844005e+01	946	231	0
2	1	1	1	1.845652e+01	946	231	0
2	1	1	1	1.847334e+01	946	231	0
2	1	1	1	1.848983e+01	946	231	0
2	1	1	1	1.850660e+01	946	231	0
2	1	1	1	1.852338e+01	946	231	0
2	1	1	1	1.853992e+01	946	231	0
2	1	1	1	1.855671e+01	946	231	0
2	1	1	1	1.857324e+01	946	231	0
2	1	1	1	1.858994e+01	946	231	0
2	1	1	1	1.860658e+01	946	231	0
2	1	1	1	1.862330e+01	946	231	0
2	1	1	1	1.863989e+01	946	231	0
2	1	1	1	1.865672e+01	946	231	0
2	1	1	1	1.867336e+01	946	231	0
2	1	1	1	1.868976e+01	946	231	0
2	1	1	1	1.870667e+01	946	231	0
2	1	1	1	1.872342e+01	946	231	0
2	1	1	1	1.879229e+01	946	231	0
2	1	1	1	1.880681e+01	946	231	0
2	1	1	1	1.882342e+01	946	231	0
2	1	1	1	1.884006e+01	946	231	0
2	1	1	1	1.885677e+01	946	231	0
2	1	1	1	1.887334e+01	946	231	0
2	1	1	1	1.888999e+01	946	231	0
2	1	1	1	1.890658e+01	946	231	0
2	1	1	1	1.892336e+01	946	231	0
2	1	1	1	1.893990e+01	946	231	0
2	1	1	1	1.895676e+01	946	231	0
2	1	1	1	1.897340e+01	946	231	0
2	1	1	1	1.898999e+01	946	231	0
2	1	1	1	1.900666e+01	946	231	0
2	1	1	1	1.902344e+01	946	231	0
2	1	1	1	1.904021e+01	946	231	0
2	1	1	1	1.905685e+01	946	231	0
2	1	1	1	1.907340e+01	946	231	0
2	1	1	1	1.909021e+01	946	231	0
2	1	1	1	1.910676e+01	946	231	0
2	1	1	1	1.912350e+01	946	231	0
2	1	1	1	1.914013e+01	946	231	0
2	1	1	1	1.915700e+01	946	231	0
2	1	1	1	1.917358e+01	946	231	0
2	1	1	1	1.919002e+01	946	231	0
2	1	1	1	1.920673e+01	946	231	0
2	1	1	1	1.922351e+01	946	231	0
2	1	1	1	1.924010e+01	946	232	0
2	1	1	1	1.925657e+01	949	243	0
2	1	1	1	1.927344e+01	952	251	0
2	1	1	1	1.929010e+01	954	260	0
2	1	1	1	1.930681e+01	956	272	0
2	1	1	1	1.932318e+01	956	281	0
2	1	1	1	1.933990e+01	956	288	0
2	1	1	1	1.935688e+01	956	295	0
2	1	1	1	1.937356e+01	956	305	0
2	1	1	1	1.939002e+01	956	316	0
2	1	1	1	1.940685e+01	956	326	0
2	1	1	1	1.942350e+01	956	340	0
2	1	1	1	1.944011e+01	956	348	0
2	1	1	1	1.945671e+01	954	358	0
2	1	1	1	1.947357e+01	953	364	0
2	1	1	1	1.949011e+01	951	368	0
2	1	1	1	1.950703e+01	949	374	0
2	1	1	1	1.952463e+01	948	379	0
2	1	1	1	1.954543e+01	946	384	0
2	1	1	1	1.955674e+01	945	386	0
2	1	1	1	1.957351e+01	944	392	0
2	1	1	1	1.959011e+01	943	398	0
2	1	1	1	1.960688e+01	941	404	0
2	1	1	1	1.962368e+01	940	409	0
2	1	1	1	1.964016e+01	939	415	0
2	1	1	1	1.965687e+01	938	419	0
2	1	1	1	1.967361e+01	938	422	0
2	1	1	1	1.969020e+01	938	426	0
2	1	1	1	1.970705e+01	938	429	0
2	1	1	1	1.972371e+01	938	433	0
2	1	1	1	1.974040e+01	938	435	0
2	1	1	1	1.975713e+01	938	436	0
2	1	1	1	1.977339e+01	938	438	0
2	1	1	1	1.979015e+01	939	439	0
2	1	1	1	1.980671e+01	941	442	0
2	1	1	1	1.982346e+01	941	442	0
2	1	1	1	1.984045e+01	942	443	0
2	1	1	1	1.985692e+01	942	443	0
2	1	1	1	1.987373e+01	942	444	0
2	1	1	1	1.989023e+01	943	445	0
2	1	1	1	1.990715e+01	943	445	0
2	1	1	1	1.992356e+01	943	445	0
2	1	1	1	1.994042e+01	943	445	0
2	1	1	1	1.995715e+01	943	445	0
2	1	1	1	1.997383e+01	943	445	0
2	1	1	1	1.999022e+01	943	445	0
2	1	1	1	2.000703e+01	943	445	0
2	2	1	2	4.223204e-02	593	855	0
2	2	1	2	6.147695e-02	593	855	0
2	2	1	2	6.692791e-02	593	855	0
2	2	1	2	8.390999e-02	593	855	0
2	2	1	2	1.018190e-01	593	855	0
2	2	1	2	1.177011e-01	593	855	0
2	2	1	2	1.337340e-01	593	855	0
2	2	1	2	1.503811e-01	593	855	0
2	2	1	2	1.669650e-01	593	855	0
2	2	1	2	1.837249e-01	593	855	0
2	2	1	2	2.004759e-01	593	855	0
2	2	1	2	2.171850e-01	593	855	0
2	2	1	2	2.336230e-01	593	855	0
2	2	1	2	2.502730e-01	593	855	0
2	2	1	2	2.670951e-01	593	855	0
2	2	1	2	2.836580e-01	593	855	0
2	2	1	2	3.004420e-01	593	855	0
2	2	1	2	3.170600e-01	593	855	0
2	2	1	2	3.336849e-01	593	855	0
2	2	1	2	3.505380e-01	594	855	0
2	2	1	2	3.671229e-01	595	850	0
2	2	1	2	3.837080e-01	596	844	0
2	2	1	2	4.004221e-01	597	835	0
2	2	1	2	4.170189e-01	599	827	0
2	2	1	2	4.336340e-01	601	820	0
2	2	1	2	4.503551e-01	602	815	0
2	2	1	2	4.669719e-01	603	809	0
2	2	1	2	4.837210e-01	604	805	0
2	2	1	2	5.003710e-01	607	795	0
2	2	1	2	5.170560e-01	608	790	0
2	2	1	2	5.337269e-01	610	784	0
2	2	1	2	5.503271e-01	611	782	0
2	2	1	2	5.670409e-01	612	779	0
2	2	1	2	5.837719e-01	614	777	0
2	2	1	2	6.004190e-01	617	774	0
2	2	1	2	6.170321e-01	619	772	0
2	2	1	2	6.337759e-01	621	770	0
2	2	1	2	6.503890e-01	624	766	0
2	2	1	2	6.671069e-01	628	763	0
2	2	1	2	6.836741e-01	635	759	0
2	2	1	2	7.005229e-01	643	754	0
2	2	1	2	7.376521e-01	651	748	0
2	2	1	2	7.502849e-01	662	742	0
2	2	1	2	7.672160e-01	666	739	0
2	2	1	2	7.838140e-01	671	735	0
2	2	1	2	8.004940e-01	672	733	0
2	2	1	2	8.172390e-01	675	730	0
2	2	1	2	8.338799e-01	676	728	0
2	2	1	2	8.505490e-01	678	726	0
2	2	1	2	8.671000e-01	679	724	0
2	2	1	2	8.839200e-01	681	722	0
2	2	1	2	9.004540e-01	682	718	0
2	2	1	2	9.171529e-01	683	717	0
2	2	1	2	9.338651e-01	684	715	0
2	2	1	2	9.505360e-01	684	714	0
2	2	1	2	9.671879e-01	686	709	0
2	2	1	2	9.838729e-01	688	706	0
2	2	1	2	1.000512e+00	690	701	0
2	2	1	2	1.017244e+00	692	698	0
2	2	1	2	1.033893e+00	694	695	0
2	2	1	2	1.050523e+00	696	692	0
2	2	1	2	1.067223e+00	698	690	0
2	2	1	2	1.083947e+00	702	685	0
2	2	1	2	1.100556e+00	704	682	0
2	2	1	2	1.117221e+00	706	680	0
2	2	1	2	1.133896e+00	708	678	0
2	2	1	2	1.150492e+00	709	676	0
2	2	1	2	1.167238e+00	710	672	0
2	2	1	2	1.183907e+00	711	669	0
2	2	1	2	1.200562e+00	715	664	0
2	2	1	2	1.217269e+00	717	661	0
2	2	1	2	1.233910e+00	718	658	0
2	2	1	2	1.250590e+00	720	652	0
2	2	1	2	1.267208e+00	721	646	0
2	2	1	2	1.284025e+00	724	636	0
2	2	1	2	1.300640e+00	726	628	0
2	2	1	2	1.317234e+00	726	623	0
2	2	1	2	1.334003e+00	726	616	0
2	2	1	2	1.350556e+00	726	610	0
2	2	1	2	1.367264e+00	726	605	0
2	2	1	2	1.384073e+00	726	599	0
2	2	1	2	1.400646e+00	726	595	0
2	2	1	2	1.417363e+00	726	593	0
2	2	1	2	1.433923e+00	726	589	0
2	2	1	2	1.450773e+00	726	581	0
2	2	1	2	1.467379e+00	726	576	0
2	2	1	2	1.484005e+00	726	570	0
2	2	1	2	1.500760e+00	726	562	0
2	2	1	2	1.517440e+00	726	556	0
2	2	1	2	1.534157e+00	726	549	0
2	2	1	2	1.550745e+00	726	542	0
2	2	1	2	1.567401e+00	726	534	0
2	2	1	2	1.584057e+00	726	528	0
2	2	1	2	1.611477e+00	726	515	0
2	2	1	2	1.632234e+00	726	511	0
2	2	1	2	1.650881e+00	726	505	0
2	2	1	2	1.667569e+00	726	502	0
2	2	1	2	1.684153e+00	726	497	0
2	2	1	2	1.700845e+00	726	495	0
2	2	1	2	1.717492e+00	726	492	0
2	2	1	2	1.734207e+00	726	491	0
2	2	1	2	1.750805e+00	726	491	0
2	2	1	2	1.767527e+00	726	491	0
2	2	1	2	1.784189e+00	726	491	0
2	2	1	2	1.800908e+00	726	491	0
2	2	1	2	1.817546e+00	726	491	0
2	2	1	2	1.834202e+00	726	491	0
2	2	1	2	1.850877e+00	726	488	0
2	2	1	2	1.867453e+00	726	485	0
2	2	1	2	1.884247e+00	726	483	0
2	2	1	2	1.900843e+00	726	481	0
2	2	1	2	1.917483e+00	726	477	0
2	2	1	2	1.934212e+00	726	475	0
2	2	1	2	1.950496e+00	726	472	0
2	2	1	2	1.967134e+00	726	468	0
2	2	1	2	1.984282e+00	726	467	0
2	2	1	2	2.000858e+00	726	466	0
2	2	1	2	2.017609e+00	726	465	0
2	2	1	2	2.034520e+00	726	465	0
2	2	1	2	2.050980e+00	726	465	0
2	2	1	2	2.067568e+00	726	465	0
2	2	1	2	2.084214e+00	726	465	0
2	2	1	2	2.100959e+00	726	465	0
2	2	1	2	2.117628e+00	726	462	0
2	2	1	2	2.134106e+00	726	461	0
2	2	1	2	2.150989e+00	726	461	0
2	2	1	2	2.167705e+00	726	461	0
2	2	1	2	2.184417e+00	726	461	0
2	2	1	2	2.200945e+00	726	461	0
2	2	1	2	2.217739e+00	726	461	0
2	2	1	2	2.234346e+00	726	461	0
2	2	1	2	2.251088e+00	726	461	0
2	2	1	2	2.267640e+00	726	461	0
2	2	1	2	2.284305e+00	726	461	0
2	2	1	2	2.301022e+00	726	461	0
2	2	1	2	2.317667e+00	726	461	0
2	2	1	2	2.334348e+00	726	461	0
2	2	1	2	2.351036e+00	726	461	0
2	2	1	2	2.367535e+00	726	461	0
2	2	1	2	2.384379e+00	726	461	0
2	2	1	2	2.401065e+00	726	461	0
2	2	1	2	2.417713e+00	726	461	0
2	2	1	2	2.434416e+00	726	461	0
2	2	1	2	2.451125e+00	726	461	0
2	2	1	2	2.467687e+00	726	461	0
2	2	1	2	2.484277e+00	726	461	0
2	2	1	2	2.501096e+00	726	461	0
2	2	1	2	2.517765e+00	726	461	0
2	2	1	2	2.534506e+00	726	461	0
2	2	1	2	2.551155e+00	726	461	0
2	2	1	2	2.567697e+00	726	461	0
2	2	1	2	2.584440e+00	726	461	0
2	2	1	2	2.601108e+00	726	461	0
2	2	1	2	2.617784e+00	726	461	0
2	2	1	2	2.868400e+00	726	461	0
2	2	1	2	2.884485e+00	726	461	0
2	2	1	2	2.901115e+00	726	461	0
2	2	1	2	2.917997e+00	726	461	0
2	2	1	2	2.934636e+00	726	461	0
2	2	1	2	2.951217e+00	726	461	0
2	2	1	2	2.967971e+00	726	461	0
2	2	1	2	2.984524e+00	726	461	0
2	2	1	2	3.001389e+00	726	461	0
2	2	1	2	3.017915e+00	726	461	0
2	2	1	2	3.034610e+00	726	461	0
2	2	1	2	3.051274e+00	726	461	0
2	2	1	2	3.067896e+00	726	461	0
2	2	1	2	3.084620e+00	726	461	0
2	2	1	2	3.101296e+00	726	461	0
2	2	1	2	3.117988e+00	726	461	0
2	2	1	2	3.134602e+00	726	461	0
2	2	1	2	3.151309e+00	726	459	0
2	2	1	2	3.167868e+00	726	447	0
2	2	1	2	3.184679e+00	722	429	0
2	2	1	2	3.201330e+00	721	404	0
2	2	1	2	3.218006e+00	719	389	0
2	2	1	2	3.234822e+00	717	374	0
2	2	1	2	3.251327e+00	715	363	0
2	2	1	2	3.267958e+00	715	351	0
2	2	1	2	3.284672e+00	714	341	0
2	2	1	2	3.301404e+00	713	329	0
2	2	1	2	3.318039e+00	712	318	0
2	2	1	2	3.334722e+00	710	307	0
2	2	1	2	3.361973e+00	708	297	0
2	2	1	2	3.373530e+00	708	287	0
2	2	1	2	3.384816e+00	707	283	0
2	2	1	2	3.401331e+00	707	282	0
2	2	1	2	3.418142e+00	707	280	0
2	2	1	2	3.434794e+00	707	279	0
2	2	1	2	3.451432e+00	707	277	0
2	2	1	2	3.468070e+00	707	275	0
2	2	1	2	3.484767e+00	707	273	0
2	2	1	2	3.501495e+00	706	270	0
2	2	1	2	3.518147e+00	706	266	0
2	2	1	2	3.534766e+00	706	262	0
2	2	1	2	3.551410e+00	707	257	0
2	2	1	2	3.568085e+00	708	253	0
2	2	1	2	3.584783e+00	710	248	0
2	2	1	2	3.601451e+00	711	243	0
2	2	1	2	3.618154e+00	713	238	0
2	2	1	2	3.634820e+00	713	235	0
2	2	1	2	3.651577e+00	713	233	0
2	2	1	2	3.668091e+00	713	232	0
2	2	1	2	3.684831e+00	714	231	0
2	2	1	2	3.701539e+00	714	229	0
2	2	1	2	3.718159e+00	714	227	0
2	2	1	2	3.734860e+00	714	226	0
2	2	1	2	3.751433e+00	714	226	0
2	2	1	2	3.768197e+00	714	226	0
2	2	1	2	3.784819e+00	714	226	0
2	2	1	2	3.801488e+00	714	226	0
2	2	1	2	3.818263e+00	714	226	0
2	2	1	2	3.834879e+00	714	226	0
2	2	1	2	3.851553e+00	714	226	0
2	2	1	2	3.868091e+00	714	226	0
2	2	1	2	3.884889e+00	714	226	0
2	2	1	2	3.901576e+00	714	226	0
2	2	1	2	3.918229e+00	714	226	0
2	2	1	2	3.934917e+00	714	226	0
2	2	1	2	3.951499e+00	714	226	0
2	2	1	2	3.968192e+00	714	226	0
2	2	1	2	3.984962e+00	714	226	0
2	2	1	2	4.001628e+00	714	226	0
2	2	1	2	4.018291e+00	714	226	0
2	2	1	2	4.034932e+00	714	226	0
2	2	1	2	4.051644e+00	714	226	0
2	2	1	2	4.068216e+00	714	226	0
2	2	1	2	4.084979e+00	714	226	0
2	2	1	2	4.101610e+00	714	226	0
2	2	1	2	4.118280e+00	714	226	0
2	2	1	2	4.135020e+00	714	226	0
2	2	1	2	4.151657e+00	714	226	0
2	2	1	2	4.168265e+00	714	226	0
2	2	1	2	4.185038e+00	714	226	0
2	2	1	2	4.201634e+00	714	226	0
2	2	1	2	4.218341e+00	714	226	0
2	2	1	2	4.235004e+00	714	226	0
2	2	1	2	4.251689e+00	714	226	0
2	2	1	2	4.268439e+00	714	226	0
2	2	1	2	4.284940e+00	714	226	0
2	2	1	2	4.301657e+00	714	226	0
2	2	1	2	4.318328e+00	714	226	0
2	2	1	2	4.335050e+00	714	226	0
2	2	1	2	4.351616e+00	714	226	0
2	2	1	2	4.368423e+00	714	226	0
2	2	1	2	4.434709e+00	714	226	0
2	2	1	2	4.455929e+00	714	226	0
2	2	1	2	4.468432e+00	714	226	0
2	2	1	2	4.485153e+00	714	226	0
2	2	1	2	4.501752e+00	714	226	0
2	2	1	2	4.518392e+00	714	226	0
2	2	1	2	4.535109e+00	714	226	0
2	2	1	2	4.551702e+00	714	226	0
2	2	1	2	4.568421e+00	714	226	0
2	2	1	2	4.585134e+00	714	226	0
2	2	1	2	4.601776e+00	714	226	0
2	2	1	2	4.618502e+00	714	226	0
2	2	1	2	4.635112e+00	714	226	0
2	2	1	2	4.651757e+00	714	226	0
2	2	1	2	4.668520e+00	714	226	0
2	2	1	2	4.685197e+00	714	226	0
2	2	1	2	4.701816e+00	714	226	0
2	2	1	2	4.718474e+00	714	226	0
2	2	1	2	4.735122e+00	714	226	0
2	2	1	2	4.751819e+00	714	226	0
2	2	1	2	4.768562e+00	714	226	0
2	2	1	2	4.785130e+00	713	226	0
2	2	1	2	4.801856e+00	711	226	0
2	2	1	2	4.818510e+00	710	226	0
2	2	1	2	4.835220e+00	710	226	0
2	2	1	2	4.851782e+00	708	226	0
2	2	1	2	4.868517e+00	707	226	0
2	2	1	2	4.885171e+00	707	226	0
2	2	1	2	4.901864e+00	707	226	0
2	2	1	2	4.918538e+00	706	226	0
2	2	1	2	4.935249e+00	706	226	0
2	2	1	2	4.951919e+00	706	226	0
2	2	1	2	4.968615e+00	705	226	0
2	2	1	2	4.985228e+00	705	226	0
2	2	1	2	5.001919e+00	704	226	0
2	2	1	2	5.018604e+00	701	226	0
2	2	1	2	5.035214e+00	700	226	0
2	2	1	2	5.052000e+00	694	226	0
2	2	1	2	5.068629e+00	678	226	0
2	2	1	2	5.085255e+00	667	226	0
2	2	1	2	5.101895e+00	660	226	0
2	2	1	2	5.118603e+00	657	226	0
2	2	1	2	5.135600e+00	641	228	0
2	2	1	2	5.152014e+00	601	232	0
2	2	1	2	5.182901e+00	527	242	0
2	2	1	2	5.206929e+00	373	244	0
2	2	1	2	5.218445e+00	327	244	0
2	2	1	2	5.235322e+00	261	244	0
2	2	1	2	5.252046e+00	229	242	0
2	2	1	2	5.268641e+00	224	239	0
2	2	1	2	5.285331e+00	224	239	0
2	2	1	2	5.301979e+00	224	238	0
2	2	1	2	5.318694e+00	224	238	0
2	2	1	2	5.335233e+00	224	238	0
2	2	1	2	5.351970e+00	226	238	0
2	2	1	2	5.368788e+00	233	237	0
2	2	1	2	5.385344e+00	245	235	0
2	2	1	2	5.402079e+00	264	234	0
2	2	1	2	5.418703e+00	288	234	0
2	2	1	2	5.435321e+00	327	234	0
2	2	1	2	5.451976e+00	369	234	0
2	2	1	2	5.468766e+00	405	234	0
2	2	1	2	5.494987e+00	457	234	0
2	2	1	2	5.501843e+00	505	234	0
2	2	1	2	5.518797e+00	546	234	0
2	2	1	2	5.535399e+00	585	240	0
2	2	1	2	5.552002e+00	588	241	0
2	2	1	2	5.568745e+00	588	241	0
2	2	1	2	5.585584e+00	588	241	0
2	2	1	2	5.602077e+00	588	241	0
2	2	1	2	5.618818e+00	588	241	0
2	2	1	2	5.635406e+00	588	241	0
2	2	1	2	5.652077e+00	588	241	0
2	2	1	2	5.668786e+00	588	241	0
2	2	1	2	5.685527e+00	588	241	0
2	2	1	2	5.702109e+00	588	241	0
2	2	1	2	5.718858e+00	588	241	0
2	2	1	2	5.735528e+00	586	238	0
2	2	1	2	5.752055e+00	581	234	0
2	2	1	2	5.768822e+00	579	229	0
2	2	1	2	5.785578e+00	576	222	0
2	2	1	2	5.802273e+00	576	219	0
2	2	1	2	5.818853e+00	576	218	0
2	2	1	2	5.835473e+00	575	217	0
2	2	1	2	5.852136e+00	574	217	0
2	2	1	2	5.868803e+00	572	215	0
2	2	1	2	5.885483e+00	565	215	0
2	2	1	2	5.902237e+00	553	213	0
2	2	1	2	5.918923e+00	541	213	0
2	2	1	2	5.935501e+00	535	213	0
2	2	1	2	5.952237e+00	529	213	0
2	2	1	2	5.968921e+00	522	214	0
2	2	1	2	5.985554e+00	518	216	0
2	2	1	2	6.002223e+00	516	217	0
2	2	1	2	6.018922e+00	507	219	0
2	2	1	2	6.035538e+00	504	222	0
2	2	1	2	6.052183e+00	502	224	0
2	2	1	2	6.068936e+00	502	224	0
2	2	1	2	6.085506e+00	502	224	0
2	2	1	2	6.102288e+00	502	224	0
2	2	1	2	6.118953e+00	502	224	0
2	2	1	2	6.135600e+00	502	224	0
2	2	1	2	6.152237e+00	502	224	0
2	2	1	2	6.168896e+00	502	224	0
2	2	1	2	6.185611e+00	502	224	0
2	2	1	2	6.202297e+00	502	224	0
2	2	1	2	6.268391e+00	501	225	0
2	2	1	2	6.285687e+00	501	226	0
2	2	1	2	6.302369e+00	501	226	0
2	2	1	2	6.318943e+00	501	226	0
2	2	1	2	6.335705e+00	501	226	0
2	2	1	2	6.352338e+00	501	226	0
2	2	1	2	6.369076e+00	501	226	0
2	2	1	2	6.385724e+00	501	226	0
2	2	1	2	6.402419e+00	501	226	0
2	2	1	2	6.419052e+00	501	222	0
2	2	1	2	6.435775e+00	501	219	0
2	2	1	2	6.452406e+00	501	216	0
2	2	1	2	6.469075e+00	501	215	0
2	2	1	2	6.485807e+00	501	215	0
2	2	1	2	6.502437e+00	501	215	0
2	2	1	2	6.519102e+00	501	215	0
2	2	1	2	6.535843e+00	501	215	0
2	2	1	2	6.552360e+00	501	215	0
2	2	1	2	6.569053e+00	501	215	0
2	2	1	2	6.585678e+00	501	215	0
2	2	1	2	6.602451e+00	501	215	0
2	2	1	2	6.619090e+00	501	215	0
2	2	1	2	6.635684e+00	501	215	0
2	2	1	2	6.652289e+00	501	215	0
2	2	1	2	6.669038e+00	501	219	0
2	2	1	2	6.685646e+00	501	223	0
2	2	1	2	6.702423e+00	501	233	0
2	2	1	2	6.719124e+00	503	260	0
2	2	1	2	6.735700e+00	516	289	0
2	2	1	2	6.752484e+00	528	321	0
2	2	1	2	6.769143e+00	533	345	0
2	2	1	2	6.785794e+00	534	372	0
2	2	1	2	6.809649e+00	534	403	0
2	2	1	2	6.829584e+00	534	425	0
2	2	1	2	6.835567e+00	534	441	0
2	2	1	2	6.852414e+00	534	452	0
2	2	1	2	6.869162e+00	534	466	0
2	2	1	2	6.885889e+00	534	472	0
2	2	1	2	6.902547e+00	533	474	0
2	2	1	2	6.919081e+00	533	474	0
2	2	1	2	6.935877e+00	532	475	0
2	2	1	2	6.952529e+00	531	475	0
2	2	1	2	6.969300e+00	526	475	0
2	2	1	2	6.986061e+00	522	475	0
2	2	1	2	7.002512e+00	518	474	0
2	2	1	2	7.019252e+00	515	470	0
2	2	1	2	7.035893e+00	512	468	0
2	2	1	2	7.052433e+00	509	465	0
2	2	1	2	7.069153e+00	506	463	0
2	2	1	2	7.085852e+00	505	460	0
2	2	1	2	7.102547e+00	504	457	0
2	2	1	2	7.119226e+00	504	457	0
2	2	1	2	7.135900e+00	504	457	0
2	2	1	2	7.152512e+00	504	457	0
2	2	1	2	7.169357e+00	504	457	0
2	2	1	2	7.185916e+00	504	457	0
2	2	1	2	7.202599e+00	504	457	0
2	2	1	2	7.219335e+00	504	457	0
2	2	1	2	7.235976e+00	504	457	0
2	2	1	2	7.252599e+00	504	457	0
2	2	1	2	7.269364e+00	504	457	0
2	2	1	2	7.285985e+00	504	457	0
2	2	1	2	7.302609e+00	504	457	0
2	2	1	2	7.319149e+00	504	457	0
2	2	1	2	7.335962e+00	504	457	0
2	2	1	2	7.352720e+00	504	457	0
2	2	1	2	7.369427e+00	504	457	0
2	2	1	2	7.385917e+00	504	457	0
2	2	1	2	7.402662e+00	504	457	0
2	2	1	2	7.419348e+00	504	457	0
2	2	1	2	7.436005e+00	504	457	0
2	2	1	2	7.452549e+00	504	457	0
2	2	1	2	7.469300e+00	504	457	0
2	2	1	2	7.486051e+00	504	457	0
2	2	1	2	7.502750e+00	504	457	0
2	2	1	2	7.519348e+00	504	457	0
2	2	1	2	7.536025e+00	504	457	0
2	2	1	2	7.552687e+00	504	457	0
2	2	1	2	7.569365e+00	504	457	0
2	2	1	2	7.586030e+00	504	457	0
2	2	1	2	7.602769e+00	504	457	0
2	2	1	2	7.619459e+00	504	457	0
2	2	1	2	7.636076e+00	504	457	0
2	2	1	2	7.652727e+00	504	457	0
2	2	1	2	7.669441e+00	504	457	0
2	2	1	2	7.686133e+00	504	457	0
2	2	1	2	7.702583e+00	504	457	0
2	2	1	2	7.719466e+00	504	457	0
2	2	1	2	7.736121e+00	504	457	0
2	2	1	2	7.752771e+00	504	457	0
2	2	1	2	7.769428e+00	504	457	0
2	2	1	2	7.786052e+00	504	457	0
2	2	1	2	7.802625e+00	504	457	0
2	2	1	2	7.819396e+00	504	457	0
2	2	1	2	7.886797e+00	506	456	0
2	2	1	2	7.902765e+00	506	456	0
2	2	1	2	7.919520e+00	506	456	0
2	2	1	2	7.936056e+00	506	456	0
2	2	1	2	7.952925e+00	506	456	0
2	2	1	2	7.969739e+00	506	456	0
2	2	1	2	7.986172e+00	506	456	0
2	2	1	2	8.002924e+00	506	456	0
2	2	1	2	8.019468e+00	506	456	0
2	2	1	2	8.036168e+00	506	456	0
2	2	1	2	8.052827e+00	506	456	0
2	2	1	2	8.069585e+00	506	456	0
2	2	1	2	8.086265e+00	506	456	0
2	2	1	2	8.102876e+00	506	456	0
2	2	1	2	8.119579e+00	506	456	0
2	2	1	2	8.136277e+00	506	456	0
2	2	1	2	8.152803e+00	506	456	0
2	2	1	2	8.169632e+00	510	455	0
2	2	1	2	8.186258e+00	530	450	0
2	2	1	2	8.202963e+00	556	447	0
2	2	1	2	8.219567e+00	589	443	0
2	2	1	2	8.236231e+00	619	442	0
2	2	1	2	8.252929e+00	643	438	0
2	2	1	2	8.271508e+00	655	438	0
2	2	1	2	8.331723e+00	676	438	0
2	2	1	2	8.336053e+00	676	438	0
2	2	1	2	8.352591e+00	700	444	0
2	2	1	2	8.369250e+00	718	445	0
2	2	1	2	8.386332e+00	734	448	0
2	2	1	2	8.403015e+00	745	451	0
2	2	1	2	8.419692e+00	751	452	0
2	2	1	2	8.436318e+00	754	453	0
2	2	1	2	8.452869e+00	756	453	0
2	2	1	2	8.469645e+00	757	453	0
2	2	1	2	8.486406e+00	757	453	0
2	2	1	2	8.503130e+00	757	453	0
2	2	1	2	8.519891e+00	757	453	0
2	2	1	2	8.536427e+00	757	453	0
2	2	1	2	8.553241e+00	757	453	0
2	2	1	2	8.569520e+00	753	454	0
2	2	1	2	8.586373e+00	742	454	0
2	2	1	2	8.603047e+00	729	455	0
2	2	1	2	8.619787e+00	721	455	0
2	2	1	2	8.636347e+00	715	456	0
2	2	1	2	8.653158e+00	711	456	0
2	2	1	2	8.669788e+00	710	456	0
2	2	1	2	8.686472e+00	710	456	0
2	2	1	2	8.703126e+00	710	456	0
2	2	1	2	8.719822e+00	710	456	0
2	2	1	2	8.736478e+00	710	456	0
2	2	1	2	8.753153e+00	710	456	0
2	2	1	2	8.769783e+00	710	456	0
2	2	1	2	8.786493e+00	710	456	0
2	2	1	2	8.803096e+00	710	456	0
2	2	1	2	8.819876e+00	709	457	0
2	2	1	2	8.836526e+00	711	457	0
2	2	1	2	8.853089e+00	712	457	0
2	2	1	2	8.869638e+00	713	457	0
2	2	1	2	8.886355e+00	713	457	0
2	2	1	2	8.903071e+00	713	457	0
2	2	1	2	8.919623e+00	713	457	0
2	2	1	2	8.936486e+00	713	457	0
2	2	1	2	8.953044e+00	713	457	0
2	2	1	2	8.969695e+00	713	457	0
2	2	1	2	8.986345e+00	713	457	0
2	2	1	2	9.003030e+00	713	457	0
2	2	1	2	9.019808e+00	713	457	0
2	2	1	2	9.036552e+00	713	457	0
2	2	1	2	9.053216e+00	713	457	0
2	2	1	2	9.069803e+00	713	457	0
2	2	1	2	9.086633e+00	713	457	0
2	2	1	2	9.103132e+00	713	457	0
2	2	1	2	9.119882e+00	713	457	0
2	2	1	2	9.136532e+00	713	457	0
2	2	1	2	9.153172e+00	713	457	0
2	2	1	2	9.169977e+00	713	457	0
2	2	1	2	9.186546e+00	713	457	0
2	2	1	2	9.203218e+00	713	457	0
2	2	1	2	9.219918e+00	713	457	0
2	2	1	2	9.236570e+00	713	457	0
2	2	1	2	9.253281e+00	713	457	0
2	2	1	2	9.269775e+00	713	457	0
2	2	1	2	9.286567e+00	713	457	0
2	2	1	2	9.303271e+00	713	457	0
2	2	1	2	9.319935e+00	713	457	0
2	2	1	2	9.387116e+00	713	457	0
2	2	1	2	9.403308e+00	713	457	0
2	2	1	2	9.420005e+00	713	457	0
2	2	1	2	9.436648e+00	713	457	0
2	2	1	2	9.454740e+00	713	457	0
2	2	1	2	9.470097e+00	713	457	0
2	2	1	2	9.486653e+00	713	457	0
2	2	1	2	9.503305e+00	713	457	0
2	2	1	2	9.519972e+00	713	457	0
2	2	1	2	9.536726e+00	713	457	0
2	2	1	2	9.553380e+00	713	457	0
2	2	1	2	9.570099e+00	713	457	0
2	2	1	2	9.586665e+00	713	457	0
2	2	1	2	9.603359e+00	713	457	0
2	2	1	2	9.620009e+00	713	457	0
2	2	1	2	9.636775e+00	713	457	0
2	2	1	2	9.653231e+00	713	457	0
2	2	1	2	9.670111e+00	713	457	0
2	2	1	2	9.686703e+00	713	457	0
2	2	1	2	9.703375e+00	714	457	0
2	2	1	2	9.720017e+00	718	457	0
2	2	1	2	9.736783e+00	724	457	0
2	2	1	2	9.753379e+00	734	453	0
2	2	1	2	9.770183e+00	744	452	0
2	2	1	2	9.786687e+00	756	450	0
2	2	1	2	9.803424e+00	784	450	0
2	2	1	2	9.820187e+00	808	450	0
2	2	1	2	9.836770e+00	827	450	0
2	2	1	2	9.853455e+00	851	450	0
2	2	1	2	9.890872e+00	870	448	0
2	2	1	2	9.911882e+00	916	441	0
2	2	1	2	9.919791e+00	921	439	0
2	2	1	2	9.936735e+00	930	436	0
2	2	1	2	9.953414e+00	931	435	0
2	2	1	2	9.970118e+00	932	435	0
2	2	1	2	9.986787e+00	932	435	0
2	2	1	2	1.000339e+01	932	435	0
2	2	1	2	1.002013e+01	932	435	0
2	2	1	2	1.003691e+01	932	435	0
2	2	1	2	1.005355e+01	932	435	0
2	2	1	2	1.007021e+01	932	435	0
2	2	1	2	1.008682e+01	932	435	0
2	2	1	2	1.010357e+01	932	435	0
2	2	1	2	1.012018e+01	932	435	0
2	2	1	2	1.013691e+01	932	435	0
2	2	1	2	1.015348e+01	932	435	0
2	2	1	2	1.017015e+01	933	437	0
2	2	1	2	1.018684e+01	933	440	0
2	2	1	2	1.020347e+01	934	446	0
2	2	1	2	1.022016e+01	935	447	0
2	2	1	2	1.023682e+01	935	449	0
2	2	1	2	1.025351e+01	936	450	0
2	2	1	2	1.027018e+01	936	450	0
2	2	1	2	1.028688e+01	936	451	0
2	2	1	2	1.030355e+01	936	451	0
2	2	1	2	1.032028e+01	936	451	0
2	2	1	2	1.033695e+01	936	451	0
2	2	1	2	1.035356e+01	936	451	0
2	2	1	2	1.037031e+01	936	451	0
2	2	1	2	1.038695e+01	936	451	0
2	2	1	2	1.040363e+01	936	451	0
2	2	1	2	1.042022e+01	936	451	0
2	2	1	2	1.043679e+01	936	451	0
2	2	1	2	1.045352e+01	936	451	0
2	2	1	2	1.047025e+01	936	451	0
2	2	1	2	1.048698e+01	936	451	0
2	2	1	2	1.050349e+01	936	451	0
2	2	1	2	1.052026e+01	936	451	0
2	2	1	2	1.053703e+01	936	451	0
2	2	1	2	1.055358e+01	936	451	0
2	2	1	2	1.057029e+01	936	451	0
2	2	1	2	1.058688e+01	936	451	0
2	2	1	2	1.060362e+01	936	451	0
2	2	1	2	1.062037e+01	936	451	0
2	2	1	2	1.063696e+01	936	451	0
2	2	1	2	1.065355e+01	936	451	0
2	2	1	2	1.067033e+01	936	451	0
2	2	1	2	1.068707e+01	936	451	0
2	2	1	2	1.070377e+01	936	451	0
2	2	1	2	1.072044e+01	936	451	0
2	2	1	2	1.073702e+01	936	451	0
2	2	1	2	1.075367e+01	936	451	0
2	2	1	2	1.077038e+01	936	451	0
2	2	1	2	1.078701e+01	936	451	0
2	2	1	2	1.080385e+01	936	451	0
2	2	1	2	1.082044e+01	936	451	0
2	2	1	2	1.083709e+01	936	451	0
2	2	1	2	1.085367e+01	936	451	0
2	2	1	2	1.087048e+01	936	451	0
2	2	1	2	1.088704e+01	936	451	0
2	2	1	2	1.090378e+01	936	451	0
2	2	1	2	1.097061e+01	936	451	0
2	2	1	2	1.098706e+01	936	451	0
2	2	1	2	1.100384e+01	936	451	0
2	2	1	2	1.102055e+01	936	451	0
2	2	1	2	1.103717e+01	936	451	0
2	2	1	2	1.105374e+01	936	451	0
2	2	1	2	1.107043e+01	936	451	0
2	2	1	2	1.108711e+01	936	451	0
2	2	1	2	1.110380e+01	936	451	0
2	2	1	2	1.112053e+01	936	451	0
2	2	1	2	1.113719e+01	936	451	0
2	2	1	2	1.115381e+01	936	451	0
2	2	1	2	1.117047e+01	936	451	0
2	2	1	2	1.118720e+01	936	451	0
2	2	1	2	1.120383e+01	936	453	0
2	2	1	2	1.122048e+01	936	456	0
2	2	1	2	1.123721e+01	936	467	0
2	2	1	2	1.125385e+01	936	478	0
2	2	1	2	1.127055e+01	936	487	0
2	2	1	2	1.128720e+01	936	496	0
2	2	1	2	1.130371e+01	936	506	0
2	2	1	2	1.132057e+01	934	522	0
2	2	1	2	1.133737e+01	932	540	0
2	2	1	2	1.135399e+01	932	558	0
2	2	1	2	1.137076e+01	932	573	0
2	2	1	2	1.138734e+01	932	592	0
2	2	1	2	1.140869e+01	932	605	0
2	2	1	2	1.146541e+01	932	617	0
2	2	1	2	1.147033e+01	932	617	0
2	2	1	2	1.148730e+01	932	618	0
2	2	1	2	1.150397e+01	932	618	0
2	2	1	2	1.152063e+01	932	618	0
2	2	1	2	1.153727e+01	932	618	0
2	2	1	2	1.155396e+01	932	620	0
2	2	1	2	1.157063e+01	932	623	0
2	2	1	2	1.158735e+01	932	626	0
2	2	1	2	1.160392e+01	932	631	0
2	2	1	2	1.162065e+01	932	635	0
2	2	1	2	1.163752e+01	932	639	0
2	2	1	2	1.165401e+01	932	642	0
2	2	1	2	1.167072e+01	932	644	0
2	2	1	2	1.168743e+01	932	648	0
2	2	1	2	1.170402e+01	932	650	0
2	2	1	2	1.172074e+01	934	654	0
2	2	1	2	1.173747e+01	935	660	0
2	2	1	2	1.175403e+01	937	665	0
2	2	1	2	1.177078e+01	938	667	0
2	2	1	2	1.178742e+01	940	671	0
2	2	1	2	1.180396e+01	942	672	0
2	2	1	2	1.182076e+01	943	674	0
2	2	1	2	1.183740e+01	943	674	0
2	2	1	2	1.185407e+01	943	675	0
2	2	1	2	1.187082e+01	943	676	0
2	2	1	2	1.188739e+01	944	678	0
2	2	1	2	1.190410e+01	944	678	0
2	2	1	2	1.192076e+01	944	679	0
2	2	1	2	1.193749e+01	944	679	0
2	2	1	2	1.195413e+01	944	679	0
2	2	1	2	1.197086e+01	944	679	0
2	2	1	2	1.198751e+01	944	679	0
2	2	1	2	1.200404e+01	944	679	0
2	2	1	2	1.202079e+01	944	679	0
2	2	1	2	1.203752e+01	944	679	0
2	2	1	2	1.205414e+01	944	679	0
2	2	1	2	1.207090e+01	944	679	0
2	2	1	2	1.208750e+01	944	679	0
2	2	1	2	1.210414e+01	944	679	0
2	2	1	2	1.212090e+01	944	679	0
2	2	1	2	1.213752e+01	944	679	0
2	2	1	2	1.215418e+01	944	679	0
2	2	1	2	1.217093e+01	944	679	0
2	2	1	2	1.218760e+01	944	679	0
2	2	1	2	1.220411e+01	944	679	0
2	2	1	2	1.222092e+01	944	679	0
2	2	1	2	1.223752e+01	944	679	0
2	2	1	2	1.225425e+01	944	679	0
2	2	1	2	1.227085e+01	944	679	0
2	2	1	2	1.228763e+01	944	679	0
2	2	1	2	1.230425e+01	944	679	0
2	2	1	2	1.232097e+01	944	679	0
2	2	1	2	1.233761e+01	944	679	0
2	2	1	2	1.235427e+01	944	679	0
2	2	1	2	1.237099e+01	944	679	0
2	2	1	2	1.238765e+01	944	679	0
2	2	1	2	1.240415e+01	944	679	0
2	2	1	2	1.242094e+01	944	679	0
2	2	1	2	1.243762e+01	944	679	0
2	2	1	2	1.245436e+01	944	679	0
2	2	1	2	1.251871e+01	944	679	0
2	2	1	2	1.253731e+01	944	679	0
2	2	1	2	1.255393e+01	944	679	0
2	2	1	2	1.257062e+01	944	679	0
2	2	1	2	1.258787e+01	944	679	0
2	2	1	2	1.260436e+01	944	679	0
2	2	1	2	1.262103e+01	944	679	0
2	2	1	2	1.263772e+01	944	679	0
2	2	1	2	1.265435e+01	944	679	0
2	2	1	2	1.267102e+01	944	679	0
2	2	1	2	1.268774e+01	944	679	0
2	2	1	2	1.270440e+01	944	679	0
2	2	1	2	1.272106e+01	944	679	0
2	2	1	2	1.273773e+01	944	679	0
2	2	1	2	1.275437e+01	944	679	0
2	2	1	2	1.277105e+01	944	679	0
2	2	1	2	1.278763e+01	944	679	0
2	2	1	2	1.280427e+01	940	679	0
2	2	1	2	1.282106e+01	935	679	0
2	2	1	2	1.283774e+01	930	679	0
2	2	1	2	1.285446e+01	922	679	0
2	2	1	2	1.287104e+01	915	679	0
2	2	1	2	1.288771e+01	909	679	0
2	2	1	2	1.290446e+01	884	684	0
2	2	1	2	1.292110e+01	854	690	0
2	2	1	2	1.293783e+01	830	694	0
2	2	1	2	1.295455e+01	810	700	0
2	2	1	2	1.297105e+01	796	704	0
2	2	1	2	1.299570e+01	788	707	0
2	2	1	2	1.301706e+01	783	710	0
2	2	1	2	1.302079e+01	781	710	0
2	2	1	2	1.303778e+01	779	711	0
2	2	1	2	1.305447e+01	777	711	0
2	2	1	2	1.307110e+01	777	711	0
2	2	1	2	1.308777e+01	776	711	0
2	2	1	2	1.310451e+01	776	711	0
2	2	1	2	1.312122e+01	775	711	0
2	2	1	2	1.313785e+01	774	710	0
2	2	1	2	1.315456e+01	773	709	0
2	2	1	2	1.317120e+01	770	706	0
2	2	1	2	1.318787e+01	770	706	0
2	2	1	2	1.320450e+01	768	704	0
2	2	1	2	1.322119e+01	765	699	0
2	2	1	2	1.323794e+01	762	696	0
2	2	1	2	1.325450e+01	760	692	0
2	2	1	2	1.327126e+01	759	691	0
2	2	1	2	1.328781e+01	757	688	0
2	2	1	2	1.330451e+01	757	688	0
2	2	1	2	1.332125e+01	755	686	0
2	2	1	2	1.333788e+01	754	685	0
2	2	1	2	1.335450e+01	750	683	0
2	2	1	2	1.337134e+01	746	683	0
2	2	1	2	1.338779e+01	743	683	0
2	2	1	2	1.340455e+01	740	683	0
2	2	1	2	1.342123e+01	737	683	0
2	2	1	2	1.343795e+01	735	683	0
2	2	1	2	1.345450e+01	733	683	0
2	2	1	2	1.347121e+01	732	683	0
2	2	1	2	1.348789e+01	729	683	0
2	2	1	2	1.350459e+01	727	683	0
2	2	1	2	1.352137e+01	726	683	0
2	2	1	2	1.353793e+01	726	683	0
2	2	1	2	1.355457e+01	726	683	0
2	2	1	2	1.357124e+01	726	683	0
2	2	1	2	1.358789e+01	726	683	0
2	2	1	2	1.360466e+01	726	683	0
2	2	1	2	1.362127e+01	726	683	0
2	2	1	2	1.363805e+01	726	683	0
2	2	1	2	1.365460e+01	726	683	0
2	2	1	2	1.367126e+01	726	683	0
2	2	1	2	1.368801e+01	726	683	0
2	2	1	2	1.370460e+01	726	683	0
2	2	1	2	1.372130e+01	726	683	0
2	2	1	2	1.373798e+01	726	683	0
2	2	1	2	1.375455e+01	726	683	0
2	2	1	2	1.377126e+01	726	683	0
2	2	1	2	1.378809e+01	726	683	0
2	2	1	2	1.380472e+01	726	683	0
2	2	1	2	1.382133e+01	726	683	0
2	2	1	2	1.383804e+01	726	683	0
2	2	1	2	1.385471e+01	726	683	0
2	2	1	2	1.387130e+01	726	683	0
2	2	1	2	1.388806e+01	726	683	0
2	2	1	2	1.390473e+01	726	683	0
2	2	1	2	1.392142e+01	726	683	0
2	2	1	2	1.393811e+01	726	683	0
2	2	1	2	1.395474e+01	726	683	0
2	2	1	2	1.397146e+01	726	683	0
2	2	1	2	1.398814e+01	726	683	0
2	2	1	2	1.400478e+01	726	683	0
2	2	1	2	1.406939e+01	726	683	0
2	2	1	2	1.408780e+01	726	683	0
2	2	1	2	1.410482e+01	726	683	0
2	2	1	2	1.412153e+01	726	683	0
2	2	1	2	1.413819e+01	726	683	0
2	2	1	2	1.415480e+01	726	683	0
2	2	1	2	1.417151e+01	726	683	0
2	2	1	2	1.418813e+01	726	683	0
2	2	1	2	1.420486e+01	726	683	0
2	2	1	2	1.422157e+01	726	683	0
2	2	1	2	1.423816e+01	726	683	0
2	2	1	2	1.425481e+01	726	683	0
2	2	1	2	1.427151e+01	726	683	0
2	2	1	2	1.428821e+01	726	683	0
2	2	1	2	1.430488e+01	726	683	0
2	2	1	2	1.432152e+01	726	683	0
2	2	1	2	1.433825e+01	726	683	0
2	2	1	2	1.435480e+01	726	683	0
2	2	1	2	1.437165e+01	723	683	0
2	2	1	2	1.438807e+01	717	683	0
2	2	1	2	1.440490e+01	711	683	0
2	2	1	2	1.442158e+01	706	683	0
2	2	1	2	1.443823e+01	701	683	0
2	2	1	2	1.445496e+01	691	683	0
2	2	1	2	1.447152e+01	685	683	0
2	2	1	2	1.448823e+01	682	683	0
2	2	1	2	1.450492e+01	675	683	0
2	2	1	2	1.452160e+01	666	683	0
2	2	1	2	1.453825e+01	652	683	0
2	2	1	2	1.455493e+01	637	683	0
2	2	1	2	1.457167e+01	622	683	0
2	2	1	2	1.458820e+01	604	683	0
2	2	1	2	1.460500e+01	588	683	0
2	2	1	2	1.462160e+01	577	683	0
2	2	1	2	1.464454e+01	566	681	0
2	2	1	2	1.465847e+01	561	681	0
2	2	1	2	1.467178e+01	556	681	0
2	2	1	2	1.468831e+01	552	681	0
2	2	1	2	1.470503e+01	549	680	0
2	2	1	2	1.472166e+01	547	680	0
2	2	1	2	1.473833e+01	542	680	0
2	2	1	2	1.475509e+01	533	680	0
2	2	1	2	1.477173e+01	529	680	0
2	2	1	2	1.478828e+01	529	680	0
2	2	1	2	1.480509e+01	528	680	0
2	2	1	2	1.482170e+01	525	680	0
2	2	1	2	1.483826e+01	523	680	0
2	2	1	2	1.485510e+01	523	680	0
2	2	1	2	1.487169e+01	523	680	0
2	2	1	2	1.488837e+01	522	679	0
2	2	1	2	1.490506e+01	521	679	0
2	2	1	2	1.492180e+01	521	678	0
2	2	1	2	1.493826e+01	521	678	0
2	2	1	2	1.495513e+01	521	678	0
2	2	1	2	1.497168e+01	520	677	0
2	2	1	2	1.498840e+01	520	677	0
2	2	1	2	1.500513e+01	520	677	0
2	2	1	2	1.502177e+01	520	677	0
2	2	1	2	1.503840e+01	519	677	0
2	2	1	2	1.505515e+01	519	677	0
2	2	1	2	1.507186e+01	519	677	0
2	2	1	2	1.508849e+01	517	674	0
2	2	1	2	1.510514e+01	517	674	0
2	2	1	2	1.512182e+01	515	674	0
2	2	1	2	1.513850e+01	512	674	0
2	2	1	2	1.515517e+01	508	674	0
2	2	1	2	1.517178e+01	504	674	0
2	2	1	2	1.518856e+01	501	675	0
2	2	1	2	1.520516e+01	498	676	0
2	2	1	2	1.522187e+01	498	676	0
2	2	1	2	1.523844e+01	497	676	0
2	2	1	2	1.525519e+01	497	676	0
2	2	1	2	1.527190e+01	497	676	0
2	2	1	2	1.528850e+01	497	676	0
2	2	1	2	1.530520e+01	497	676	0
2	2	1	2	1.532191e+01	497	676	0
2	2	1	2	1.533847e+01	497	676	0
2	2	1	2	1.535526e+01	497	676	0
2	2	1	2	1.537189e+01	497	676	0
2	2	1	2	1.538865e+01	497	676	0
2	2	1	2	1.540519e+01	497	676	0
2	2	1	2	1.542192e+01	497	676	0
2	2	1	2	1.543858e+01	497	676	0
2	2	1	2	1.545527e+01	497	676	0
2	2	1	2	1.547187e+01	497	676	0
2	2	1	2	1.548854e+01	497	676	0
2	2	1	2	1.550524e+01	497	676	0
2	2	1	2	1.552198e+01	497	676	0
2	2	1	2	1.553863e+01	497	676	0
2	2	1	2	1.555527e+01	497	676	0
2	2	1	2	1.557197e+01	497	676	0
2	2	1	2	1.558865e+01	497	676	0
2	2	1	2	1.560533e+01	497	676	0
2	2	1	2	1.562202e+01	497	676	0
2	2	1	2	1.563864e+01	497	676	0
2	2	1	2	1.565537e+01	497	676	0
2	2	1	2	1.571885e+01	497	676	0
2	2	1	2	1.572178e+01	497	676	0
2	2	1	2	1.573878e+01	497	676	0
2	2	1	2	1.575542e+01	497	676	0
2	2	1	2	1.577197e+01	497	676	0
2	2	1	2	1.578875e+01	497	676	0
2	2	1	2	1.580542e+01	497	676	0
2	2	1	2	1.582202e+01	497	676	0
2	2	1	2	1.583879e+01	497	676	0
2	2	1	2	1.585536e+01	497	676	0
2	2	1	2	1.587200e+01	497	676	0
2	2	1	2	1.588879e+01	496	676	0
2	2	1	2	1.590540e+01	497	675	0
2	2	1	2	1.592204e+01	499	673	0
2	2	1	2	1.593870e+01	504	670	0
2	2	1	2	1.595540e+01	511	663	0
2	2	1	2	1.597199e+01	515	658	0
2	2	1	2	1.598880e+01	530	646	0
2	2	1	2	1.600537e+01	542	637	0
2	2	1	2	1.602213e+01	550	628	0
2	2	1	2	1.603879e+01	558	621	0
2	2	1	2	1.605540e+01	567	615	0
2	2	1	2	1.607206e+01	572	608	0
2	2	1	2	1.608875e+01	577	604	0
2	2	1	2	1.610532e+01	586	595	0
2	2	1	2	1.612211e+01	595	587	0
2	2	1	2	1.613880e+01	607	575	0
2	2	1	2	1.615544e+01	613	570	0
2	2	1	2	1.617214e+01	619	561	0
2	2	1	2	1.618884e+01	626	551	0
2	2	1	2	1.620554e+01	629	544	0
2	2	1	2	1.622223e+01	634	535	0
2	2	1	2	1.623885e+01	639	528	0
2	2	1	2	1.625752e+01	646	521	0
2	2	1	2	1.627598e+01	656	506	0
2	2	1	2	1.628879e+01	660	500	0
2	2	1	2	1.630557e+01	666	491	0
2	2	1	2	1.632218e+01	672	483	0
2	2	1	2	1.633889e+01	674	479	0
2	2	1	2	1.635549e+01	676	474	0
2	2	1	2	1.637221e+01	679	471	0
2	2	1	2	1.638897e+01	682	468	0
2	2	1	2	1.640551e+01	684	464	0
2	2	1	2	1.642221e+01	687	460	0
2	2	1	2	1.643892e+01	688	459	0
2	2	1	2	1.645565e+01	689	458	0
2	2	1	2	1.647212e+01	690	456	0
2	2	1	2	1.648884e+01	692	456	0
2	2	1	2	1.650560e+01	693	456	0
2	2	1	2	1.652226e+01	695	456	0
2	2	1	2	1.653889e+01	696	456	0
2	2	1	2	1.655554e+01	697	456	0
2	2	1	2	1.657225e+01	701	456	0
2	2	1	2	1.658895e+01	703	456	0
2	2	1	2	1.660560e+01	704	456	0
2	2	1	2	1.662234e+01	706	456	0
2	2	1	2	1.663895e+01	709	455	0
2	2	1	2	1.665558e+01	711	454	0
2	2	1	2	1.667224e+01	716	454	0
2	2	1	2	1.668890e+01	719	453	0
2	2	1	2	1.670562e+01	722	453	0
2	2	1	2	1.672236e+01	723	452	0
2	2	1	2	1.673895e+01	724	451	0
2	2	1	2	1.675557e+01	724	451	0
2	2	1	2	1.677227e+01	724	451	0
2	2	1	2	1.678898e+01	724	451	0
2	2	1	2	1.680568e+01	724	451	0
2	2	1	2	1.682235e+01	724	451	0
2	2	1	2	1.683906e+01	724	451	0
2	2	1	2	1.685561e+01	724	451	0
2	2	1	2	1.687230e+01	724	451	0
2	2	1	2	1.688895e+01	724	451	0
2	2	1	2	1.690569e+01	724	451	0
2	2	1	2	1.692234e+01	724	451	0
2	2	1	2	1.693903e+01	724	451	0
2	2	1	2	1.695571e+01	724	451	0
2	2	1	2	1.697244e+01	724	451	0
2	2	1	2	1.698915e+01	724	451	0
2	2	1	2	1.700575e+01	724	451	0
2	2	1	2	1.702237e+01	724	451	0
2	2	1	2	1.703905e+01	724	451	0
2	2	1	2	1.705566e+01	724	451	0
2	2	1	2	1.707249e+01	724	451	0
2	2	1	2	1.708901e+01	724	451	0
2	2	1	2	1.710578e+01	724	451	0
2	2	1	2	1.712247e+01	724	451	0
2	2	1	2	1.713907e+01	724	451	0
2	2	1	2	1.715572e+01	724	451	0
2	2	1	2	1.717250e+01	724	451	0
2	2	1	2	1.718922e+01	724	451	0
2	2	1	2	1.720581e+01	724	451	0
2	2	1	2	1.722245e+01	724	451	0
2	2	1	2	1.723913e+01	724	451	0
2	2	1	2	1.725580e+01	724	451	0
2	2	1	2	1.727251e+01	724	451	0
2	2	1	2	1.733642e+01	724	451	0
2	2	1	2	1.735588e+01	724	451	0
2	2	1	2	1.737260e+01	724	451	0
2	2	1	2	1.738917e+01	724	451	0
2	2	1	2	1.740586e+01	724	451	0
2	2	1	2	1.742250e+01	724	451	0
2	2	1	2	1.743920e+01	724	451	0
2	2	1	2	1.745571e+01	724	451	0
2	2	1	2	1.747255e+01	724	451	0
2	2	1	2	1.748914e+01	724	451	0
2	2	1	2	1.750575e+01	724	451	0
2	2	1	2	1.752278e+01	724	451	0
2	2	1	2	1.753921e+01	724	451	0
2	2	1	2	1.755596e+01	724	451	0
2	2	1	2	1.757289e+01	724	451	0
2	2	1	2	1.758940e+01	724	451	0
2	2	1	2	1.760596e+01	724	451	0
2	2	1	2	1.762264e+01	724	451	0
2	2	1	2	1.763925e+01	724	451	0
2	2	1	2	1.765588e+01	724	451	0
2	2	1	2	1.767253e+01	735	443	0
2	2	1	2	1.768923e+01	768	420	0
2	2	1	2	1.770595e+01	793	401	0
2	2	1	2	1.772264e+01	800	396	0
2	2	1	2	1.773933e+01	807	388	0
2	2	1	2	1.775600e+01	812	384	0
2	2	1	2	1.777272e+01	815	375	0
2	2	1	2	1.778939e+01	819	368	0
2	2	1	2	1.780607e+01	821	365	0
2	2	1	2	1.782267e+01	824	360	0
2	2	1	2	1.783931e+01	830	352	0
2	2	1	2	1.785596e+01	835	346	0
2	2	1	2	1.787263e+01	846	335	0
2	2	1	2	1.788934e+01	856	325	0
2	2	1	2	1.790601e+01	869	312	0
2	2	1	2	1.792929e+01	892	295	0
2	2	1	2	1.794438e+01	911	284	0
2	2	1	2	1.795596e+01	927	274	0
2	2	1	2	1.797259e+01	938	263	0
2	2	1	2	1.798936e+01	945	257	0
2	2	1	2	1.800603e+01	952	251	0
2	2	1	2	1.802274e+01	956	247	0
2	2	1	2	1.803932e+01	958	243	0
2	2	1	2	1.805613e+01	959	240	0
2	2	1	2	1.807274e+01	959	240	0
2	2	1	2	1.808939e+01	959	239	0
2	2	1	2	1.810603e+01	959	238	0
2	2	1	2	1.812275e+01	959	238	0
2	2	1	2	1.813943e+01	959	237	0
2	2	1	2	1.815613e+01	958	235	0
2	2	1	2	1.817288e+01	955	233	0
2	2	1	2	1.818946e+01	952	233	0
2	2	1	2	1.820614e+01	950	232	0
2	2	1	2	1.822286e+01	946	231	0
2	2	1	2	1.823939e+01	946	231	0
2	2	1	2	1.825620e+01	946	231	0
2	2	1	2	1.827282e+01	946	231	0
2	2	1	2	1.828951e+01	946	231	0
2	2	1	2	1.830619e+01	946	231	0
2	2	1	2	1.832282e+01	946	231	0
2	2	1	2	1.833940e+01	946	231	0
2	2	1	2	1.835615e+01	946	231	0
2	2	1	2	1.837273e+01	946	231	0
2	2	1	2	1.838949e+01	946	231	0
2	2	1	2	1.840611e+01	946	231	0
2	2	1	2	1.842274e+01	946	231	0
2	2	1	2	1.843945e+01	946	231	0
2	2	1	2	1.845625e+01	946	231	0
2	2	1	2	1.847270e+01	946	231	0
2	2	1	2	1.848948e+01	946	231	0
2	2	1	2	1.850615e+01	946	231	0
2	2	1	2	1.852276e+01	946	231	0
2	2	1	2	1.853943e+01	946	231	0
2	2	1	2	1.855624e+01	946	231	0
2	2	1	2	1.857291e+01	946	231	0
2	2	1	2	1.858957e+01	946	231	0
2	2	1	2	1.860614e+01	946	231	0
2	2	1	2	1.862287e+01	946	231	0
2	2	1	2	1.863952e+01	946	231	0
2	2	1	2	1.865627e+01	946	231	0
2	2	1	2	1.867297e+01	946	231	0
2	2	1	2	1.868964e+01	946	231	0
2	2	1	2	1.870625e+01	946	231	0
2	2	1	2	1.872300e+01	946	231	0
2	2	1	2	1.873963e+01	946	231	0
2	2	1	2	1.875627e+01	946	231	0
2	2	1	2	1.877298e+01	946	231	0
2	2	1	2	1.878960e+01	946	231	0
2	2	1	2	1.880632e+01	946	231	0
2	2	1	2	1.882299e+01	946	231	0
2	2	1	2	1.883961e+01	946	231	0
2	2	1	2	1.885628e+01	946	231	0
2	2	1	2	1.887294e+01	946	231	0
2	2	1	2	1.888965e+01	946	231	0
2	2	1	2	1.890637e+01	946	231	0
2	2	1	2	1.892306e+01	946	231	0
2	2	1	2	1.893970e+01	946	231	0
2	2	1	2	1.900616e+01	946	231	0
2	2	1	2	1.902312e+01	946	231	0
2	2	1	2	1.903965e+01	946	231	0
2	2	1	2	1.905642e+01	946	231	0
2	2	1	2	1.907308e+01	946	231	0
2	2	1	2	1.908972e+01	946	231	0
2	2	1	2	1.910637e+01	946	231	0
2	2	1	2	1.912310e+01	946	231	0
2	2	1	2	1.913966e+01	946	231	0
2	2	1	2	1.915638e+01	946	231	0
2	2	1	2	1.917306e+01	946	231	0
2	2	1	2	1.918967e+01	946	231	0
2	2	1	2	1.920646e+01	946	231	0
2	2	1	2	1.922309e+01	946	231	0
2	2	1	2	1.923979e+01	946	231	0
2	2	1	2	1.925647e+01	946	231	0
2	2	1	2	1.927315e+01	946	231	0
2	2	1	2	1.928983e+01	946	231	0
2	2	1	2	1.930649e+01	946	231	0
2	2	1	2	1.932316e+01	946	231	0
2	2	1	2	1.933988e+01	946	231	0
2	2	1	2	1.935653e+01	946	231	0
2	2	1	2	1.937326e+01	946	231	0
2	2	1	2	1.938980e+01	946	231	0
2	2	1	2	1.940648e+01	946	231	0
2	2	1	2	1.942331e+01	946	231	0
2	2	1	2	1.943982e+01	946	231	0
2	2	1	2	1.945654e+01	946	232	0
2	2	1	2	1.947327e+01	949	243	0
2	2	1	2	1.948987e+01	952	251	0
2	2	1	2	1.950655e+01	954	260	0
2	2	1	2	1.952323e+01	956	272	0
2	2	1	2	1.953987e+01	956	281	0
2	2	1	2	1.955652e+01	956	288	0
2	2	1	2	1.957327e+01	956	295	0
2	2	1	2	1.959004e+01	956	305	0
2	2	1	2	1.960662e+01	956	316	0
2	2	1	2	1.962322e+01	956	326	0
2	2	1	2	1.963996e+01	956	340	0
2	2	1	2	1.965662e+01	956	348	0
2	2	1	2	1.967328e+01	954	358	0
2	2	1	2	1.968993e+01	953	364	0
2	2	1	2	1.970665e+01	951	368	0
2	2	1	2	1.972330e+01	949	374	0
2	2	1	2	1.974130e+01	948	379	0
2	2	1	2	1.976050e+01	946	384	0
2	2	1	2	1.977337e+01	945	386	0
2	2	1	2	1.978984e+01	944	392	0
2	2	1	2	1.980664e+01	943	398	0
2	2	1	2	1.982327e+01	941	404	0
2	2	1	2	1.983992e+01	940	409	0
2	2	1	2	1.985663e+01	939	415	0
2	2	1	2	1.987340e+01	938	419	0
2	2	1	2	1.988992e+01	938	422	0
2	2	1	2	1.990670e+01	938	426	0
2	2	1	2	1.992335e+01	938	429	0
2	2	1	2	1.994006e+01	938	433	0
2	2	1	2	1.995640e+01	938	435	0
2	2	1	2	1.997346e+01	938	436	0
2	2	1	2	1.999007e+01	938	438	0
2	2	1	2	2.000673e+01	939	439	0
2	2	1	2	2.002343e+01	941	442	0
2	2	1	2	2.003997e+01	941	442	0
2	2	1	2	2.005677e+01	942	443	0
2	2	1	2	2.007350e+01	942	443	0
2	2	1	2	2.009003e+01	942	444	0
2	2	1	2	2.010684e+01	943	445	0
2	2	1	2	2.012326e+01	943	445	0
2	2	1	2	2.014025e+01	943	445	0
2	2	1	2	2.015672e+01	943	445	0
2	2	1	2	2.017342e+01	943	445	0
2	2	1	2	2.019006e+01	943	445	0
2	2	1	2	2.020683e+01	943	445	0
2	2	1	2	2.022344e+01	943	445	0